2000	12	13	15	0	1.20500000000000	35.9633000000000	-117.671000000000	4.92000000000000	1	1
2000	12	13	15	0	1.04300000000000	36.0681000000000	-117.838700000000	3.76000000000000	1	2
2000	12	13	15	0	1.12100000000000	35.8991000000000	-117.715200000000	6.91000000000000	1	3
2000	12	13	15	0	1.14300000000000	35.9008000000000	-117.705600000000	6.97000000000000	1	4
2000	12	13	15	0	1.15100000000000	35.9017000000000	-117.690900000000	6.84000000000000	1	5
2000	12	13	15	0	1.16400000000000	35.6714000000000	-117.512100000000	5.84000000000000	1	6
2000	12	13	15	0	1.15000000000000	35.5537000000000	-117.314100000000	6.28000000000000	1	7
2000	12	13	15	0	1.14200000000000	36.0465000000000	-117.866600000000	5.45000000000000	1	8
2000	12	13	15	0	1.10900000000000	35.9482000000000	-117.685400000000	5.45000000000000	1	9
2000	12	13	15	0	1.20000000000000	35.5832000000000	-117.598500000000	5.26000000000000	1	10
2000	12	13	15	0	1.13900000000000	35.9367000000000	-117.673900000000	5.56000000000000	1	11
2000	12	13	15	0	1.15800000000000	35.5929000000000	-117.609900000000	3.69000000000000	1	12
2000	12	13	15	0	1.18500000000000	35.9102000000000	-117.671500000000	4.84000000000000	1	13
2000	12	13	15	0	0.962000000000000	35.6739000000000	-117.471500000000	4.97000000000000	1	14
2000	12	13	15	0	1.01700000000000	35.7144000000000	-117.495500000000	5.07000000000000	1	15
2000	12	13	15	0	1.06700000000000	35.6752000000000	-117.488100000000	3.60000000000000	1	16
2000	12	13	15	0	1.08000000000000	35.8720000000000	-117.689500000000	8.76000000000000	1	17
2000	12	13	15	0	1.35900000000000	35.6562000000000	-117.537300000000	7.43000000000000	1	18
2000	12	13	15	0	1.13200000000000	35.6327000000000	-117.422100000000	5.73000000000000	1	19
2000	12	13	15	0	1.12100000000000	35.8915000000000	-117.682000000000	6.35000000000000	1	20
2000	12	13	15	0	1.08200000000000	35.5958000000000	-117.407100000000	4.11000000000000	1	21
2000	12	13	15	0	1.29100000000000	35.5845000000000	-117.575500000000	6.24000000000000	1	22
2000	12	13	15	0	1.10900000000000	35.7039000000000	-117.501100000000	5.73000000000000	1	23
2000	12	13	15	0	1.09300000000000	35.9244000000000	-117.699800000000	7.34000000000000	1	24
2000	12	13	15	0	1.14500000000000	35.8877000000000	-117.669400000000	7.10000000000000	1	25
2000	12	13	15	0	1.13400000000000	35.6564000000000	-117.446900000000	5.92000000000000	1	26
2000	12	13	15	0	1.03800000000000	35.6108000000000	-117.583100000000	4.44000000000000	1	27
2000	12	13	15	0	1.24900000000000	35.8788000000000	-117.696800000000	6.07000000000000	1	28
2000	12	13	15	0	1.11000000000000	35.8759000000000	-117.691000000000	6.87000000000000	1	29
2000	12	13	15	0	0.987000000000000	35.5763000000000	-117.597500000000	2.99000000000000	1	30
2000	12	13	15	0	0.984000000000000	35.6658000000000	-117.488100000000	3.66000000000000	1	31
2000	12	13	15	0	1.01300000000000	35.6827000000000	-117.480500000000	4.87000000000000	1	32
2000	12	13	15	0	1.08800000000000	35.9594000000000	-117.704700000000	5.77000000000000	1	33
2000	12	13	15	0	1.05700000000000	35.7256000000000	-117.539600000000	5.53000000000000	1	34
2000	12	13	15	0	1.23800000000000	35.8639000000000	-117.690300000000	7.05000000000000	1	35
2000	12	13	15	0	1.02000000000000	35.9046000000000	-117.746700000000	11.4600000000000	1	36
2000	12	13	15	0	1.26900000000000	35.7061000000000	-117.573300000000	6.44000000000000	1	37
2000	12	13	15	0	1.14000000000000	35.6564000000000	-117.489200000000	5.05000000000000	1	38
2000	12	13	15	0	1.16800000000000	35.7520000000000	-117.562600000000	6.97000000000000	1	39
2000	12	13	15	0	1.09100000000000	35.9158000000000	-117.710800000000	5.48000000000000	1	40
2000	12	13	15	0	1.28800000000000	35.8846000000000	-117.689900000000	5.98000000000000	1	41
2000	12	13	15	0	1.04500000000000	35.6848000000000	-117.489700000000	0.680000000000000	1	42
2000	12	13	15	0	1.00800000000000	35.8769000000000	-117.701300000000	9.51000000000000	1	43
2000	12	13	15	0	1.08200000000000	35.9424000000000	-117.681400000000	5.52000000000000	1	44
2000	12	13	15	0	1.03500000000000	35.6709000000000	-117.474900000000	4.86000000000000	1	45
2000	12	13	15	0	1.16200000000000	35.6085000000000	-117.568500000000	4.43000000000000	1	46
2000	12	13	15	0	1.10900000000000	35.8716000000000	-117.670400000000	8.81000000000000	1	47
2000	12	13	15	0	0.933000000000000	35.7319000000000	-117.524400000000	3.33000000000000	1	48
2000	12	13	15	0	1.34200000000000	35.9209000000000	-117.699900000000	5.12000000000000	1	49
2000	12	13	15	0	0.858000000000000	35.6053000000000	-117.599000000000	1.71000000000000	1	50
2000	12	13	15	0	1.22000000000000	35.9914000000000	-117.661500000000	5.53000000000000	1	51
2000	12	13	15	0	0.971000000000000	35.6645000000000	-117.498200000000	5.28000000000000	1	52
2000	12	13	15	0	1.12100000000000	35.9443000000000	-117.690100000000	5	1	53
2000	12	13	15	0	1.18300000000000	35.7029000000000	-117.535700000000	6.41000000000000	1	54
2000	12	13	15	0	1.07000000000000	35.9538000000000	-117.683600000000	5.29000000000000	1	55
2000	12	13	15	0	0.909000000000000	35.7484000000000	-117.517700000000	4.96000000000000	1	56
2000	12	13	15	0	1.24000000000000	35.9847000000000	-117.672800000000	4.83000000000000	1	57
2000	12	13	15	0	1.16000000000000	35.7621000000000	-117.569800000000	7.86000000000000	1	58
2000	12	13	15	0	1.19200000000000	35.9319000000000	-117.688900000000	7.82000000000000	1	59
2000	12	13	15	0	1.21200000000000	35.8736000000000	-117.688500000000	5.61000000000000	1	60
2000	12	13	15	0	1.07300000000000	35.8974000000000	-117.725000000000	8.74000000000000	1	61
2000	12	13	15	0	1.12400000000000	35.6338000000000	-117.429800000000	2.91000000000000	1	62
2000	12	13	15	0	1.14100000000000	35.8740000000000	-117.660900000000	9.32000000000000	1	63
2000	12	13	15	0	1.27200000000000	35.6177000000000	-117.587500000000	6.40000000000000	1	64
2000	12	13	15	0	1.18100000000000	36.0492000000000	-117.834900000000	4.33000000000000	1	65
2000	12	13	15	0	0.998000000000000	35.6085000000000	-117.593200000000	3.82000000000000	1	66
2000	12	13	15	0	1.08200000000000	35.6543000000000	-117.451600000000	2.81000000000000	1	67
2000	12	13	15	0	1.17500000000000	35.9205000000000	-117.700200000000	5.77000000000000	1	68
2000	12	13	15	0	1.06200000000000	35.6457000000000	-117.438500000000	4.74000000000000	1	69
2000	12	13	15	0	1.14300000000000	35.7185000000000	-117.518800000000	5.70000000000000	1	70
2000	12	13	15	0	0.977000000000000	35.7190000000000	-117.518800000000	5	1	71
2000	12	13	15	0	1.18300000000000	35.6683000000000	-117.512700000000	6.53000000000000	1	72
2000	12	13	15	0	1.16500000000000	35.9165000000000	-117.677500000000	5.15000000000000	1	73
2000	12	13	15	0	1.18000000000000	35.9271000000000	-117.718000000000	5.50000000000000	1	74
2000	12	13	15	0	1.00200000000000	35.7410000000000	-117.548400000000	2.97000000000000	1	75
2000	12	13	15	0	1.25900000000000	35.5925000000000	-117.426600000000	4.41000000000000	1	76
2000	12	13	15	0	1.05400000000000	35.9552000000000	-117.670700000000	5.22000000000000	1	77
2000	12	13	15	0	1.11000000000000	35.9102000000000	-117.705200000000	7.22000000000000	1	78
2000	12	13	15	0	1.10600000000000	35.9068000000000	-117.662100000000	5.65000000000000	1	79
2000	12	13	15	0	1.06600000000000	35.6496000000000	-117.463500000000	4.24000000000000	1	80
2000	12	13	15	0	1.13400000000000	35.6329000000000	-117.431600000000	5.54000000000000	1	81
2000	12	13	15	0	1.18600000000000	35.6048000000000	-117.414800000000	4.96000000000000	1	82
2000	12	13	15	0	0.979000000000000	35.6656000000000	-117.484600000000	2.69000000000000	1	83
2000	12	13	15	0	1.00600000000000	35.6755000000000	-117.465000000000	4.42000000000000	1	84
2000	12	13	15	0	1.23100000000000	35.8731000000000	-117.692700000000	6.20000000000000	1	85
2000	12	13	15	0	0.980000000000000	35.6702000000000	-117.473200000000	4.73000000000000	1	86
2000	12	13	15	0	0.940000000000000	35.7145000000000	-117.529400000000	3.71000000000000	1	87
2000	12	13	15	0	1.14500000000000	35.9009000000000	-117.676400000000	5.87000000000000	1	88
2000	12	13	15	0	1.29500000000000	35.8830000000000	-117.699000000000	6.36000000000000	1	89
2000	12	13	15	0	1.12100000000000	35.6299000000000	-117.429700000000	4.24000000000000	1	90
2000	12	13	15	0	1.10800000000000	35.9020000000000	-117.677600000000	5.38000000000000	1	91
2000	12	13	15	0	0.936000000000000	35.6749000000000	-117.486100000000	1.81000000000000	1	92
2000	12	13	15	0	1.05800000000000	35.9490000000000	-117.678900000000	5.08000000000000	1	93
2000	12	13	15	0	1.00100000000000	35.6524000000000	-117.449800000000	2.43000000000000	1	94
2000	12	13	15	0	1.10500000000000	35.9009000000000	-117.694200000000	8.05000000000000	1	95
2000	12	13	15	0	0.841000000000000	35.7180000000000	-117.476800000000	3.67000000000000	1	96
2000	12	13	15	0	0.993000000000000	35.6732000000000	-117.468800000000	2.57000000000000	1	97
2000	12	13	15	0	1.06200000000000	35.8880000000000	-117.680300000000	8.13000000000000	1	98
2000	12	13	15	0	1.07600000000000	35.9416000000000	-117.697100000000	6.59000000000000	1	99
2000	12	13	15	0	1.12200000000000	35.6485000000000	-117.443800000000	3.59000000000000	1	100
2000	12	13	15	0	1.23000000000000	36.0146000000000	-117.837900000000	4.77000000000000	1	101
2000	12	13	15	0	1.22300000000000	35.7762000000000	-117.556600000000	8.63000000000000	1	102
2000	12	13	15	0	1.18100000000000	35.8961000000000	-117.702500000000	6.64000000000000	1	103
2000	12	13	15	0	1.65000000000000	35.9619000000000	-117.671600000000	3.03000000000000	1	104
2000	12	13	15	0	1.21800000000000	35.6804000000000	-117.542600000000	6.53000000000000	1	105
2000	12	13	15	0	1.14300000000000	35.8972000000000	-117.671000000000	7.35000000000000	1	106
2000	12	13	15	0	1.21600000000000	35.9205000000000	-117.721300000000	5.58000000000000	1	107
2000	12	13	15	0	1.16300000000000	35.6437000000000	-117.467700000000	5.20000000000000	1	108
2000	12	13	15	0	0.895000000000000	35.7305000000000	-117.513000000000	4.20000000000000	1	109
2000	12	13	15	0	1.23800000000000	35.5934000000000	-117.416400000000	5.90000000000000	1	110
2000	12	13	15	0	1.14300000000000	35.9302000000000	-117.700400000000	5.74000000000000	1	111
2000	12	13	15	0	1.22600000000000	35.6980000000000	-117.586100000000	6.61000000000000	1	112
2000	12	13	15	0	1.09100000000000	35.7189000000000	-117.526700000000	5.89000000000000	1	113
2000	12	13	15	0	1.10500000000000	35.9182000000000	-117.678200000000	6.09000000000000	1	114
2000	12	13	15	0	1.34900000000000	35.6096000000000	-117.425900000000	4.30000000000000	1	115
2000	12	13	15	0	1.12200000000000	35.8885000000000	-117.678600000000	8.20000000000000	1	116
2000	12	13	15	0	1.29000000000000	35.8238000000000	-117.627300000000	6.67000000000000	1	117
2000	12	13	15	0	1.24200000000000	35.6865000000000	-117.509900000000	6.45000000000000	1	118
2000	12	13	15	0	1.01900000000000	35.5669000000000	-117.611700000000	3.30000000000000	1	119
2000	12	13	15	0	0.905000000000000	35.7103000000000	-117.487900000000	5.15000000000000	1	120
2000	12	13	15	0	1.29700000000000	35.7184000000000	-117.558100000000	6.73000000000000	1	121
2000	12	13	15	0	1.03100000000000	35.6739000000000	-117.479600000000	4.26000000000000	1	122
2000	12	13	15	0	1.30500000000000	35.7024000000000	-117.521300000000	8.48000000000000	1	123
2000	12	13	15	0	1.22700000000000	35.7195000000000	-117.538600000000	5.82000000000000	1	124
2000	12	13	15	0	1.11500000000000	35.8936000000000	-117.672700000000	5.91000000000000	1	125
2000	12	13	15	0	1.24400000000000	35.5999000000000	-117.427900000000	3.24000000000000	1	126
2000	12	13	15	0	1.11000000000000	35.8881000000000	-117.671300000000	10.1600000000000	1	127
2000	12	13	15	0	1.21400000000000	35.9233000000000	-117.663400000000	3.62000000000000	1	128
2000	12	13	15	0	1.05500000000000	35.7189000000000	-117.521600000000	6.12000000000000	1	129
2000	12	13	15	0	1.13700000000000	35.5615000000000	-117.314300000000	5.77000000000000	1	130
2000	12	13	15	0	0.888000000000000	35.7138000000000	-117.497400000000	3.47000000000000	1	131
2000	12	13	15	0	1.09500000000000	35.8927000000000	-117.721000000000	9.93000000000000	1	132
2000	12	13	15	0	1.06700000000000	35.6287000000000	-117.415100000000	3.79000000000000	1	133
2000	12	13	15	0	1.15600000000000	36.0545000000000	-117.847300000000	3.74000000000000	1	134
2000	12	13	15	0	1.19500000000000	35.6211000000000	-117.439200000000	6.07000000000000	1	135
2000	12	13	15	0	1.22000000000000	35.5673000000000	-117.586100000000	5.29000000000000	1	136
2000	12	13	15	0	1.09200000000000	35.5999000000000	-117.410800000000	5.77000000000000	1	137
2000	12	13	15	0	1.23400000000000	35.8297000000000	-117.644000000000	5.84000000000000	1	138
2000	12	13	15	0	1.15600000000000	35.6202000000000	-117.421400000000	6.48000000000000	1	139
2000	12	13	15	0	1.10400000000000	35.8829000000000	-117.682800000000	11.0800000000000	1	140
2000	12	13	15	0	1.09400000000000	35.7192000000000	-117.545900000000	5.31000000000000	1	141
2000	12	13	15	0	1.02200000000000	35.6523000000000	-117.464900000000	2.34000000000000	1	142
2000	12	13	15	0	1.26800000000000	35.6988000000000	-117.588500000000	7.18000000000000	1	143
2000	12	13	15	0	1.03900000000000	35.9090000000000	-117.701700000000	9.17000000000000	1	144
2000	12	13	15	0	1.25200000000000	35.7101000000000	-117.564700000000	7.21000000000000	1	145
2000	12	13	15	0	1.20000000000000	35.9205000000000	-117.726200000000	5.83000000000000	1	146
2000	12	13	15	0	1.14400000000000	35.6113000000000	-117.462600000000	4.34000000000000	1	147
2000	12	13	15	0	1.09900000000000	35.8964000000000	-117.694600000000	7.94000000000000	1	148
2000	12	13	15	0	0.999000000000000	35.6702000000000	-117.486100000000	3.61000000000000	1	149
2000	12	13	15	0	1.18800000000000	35.9043000000000	-117.670200000000	5.87000000000000	1	150
2000	12	13	15	0	1.10200000000000	35.8959000000000	-117.666200000000	5.47000000000000	1	151
2000	12	13	15	0	1.07500000000000	35.9439000000000	-117.683300000000	5.16000000000000	1	152
2000	12	13	15	0	1.06300000000000	35.8939000000000	-117.672300000000	7.10000000000000	1	153
2000	12	13	15	0	1.19400000000000	35.9293000000000	-117.700700000000	5.52000000000000	1	154
2000	12	13	15	0	1.09100000000000	35.9257000000000	-117.721000000000	8.07000000000000	1	155
2000	12	13	15	0	0.990000000000000	35.5777000000000	-117.619600000000	3.46000000000000	1	156
2000	12	13	15	0	1.28800000000000	35.6034000000000	-117.422700000000	5.37000000000000	1	157
2000	12	13	15	0	1.18000000000000	35.6365000000000	-117.424900000000	3.72000000000000	1	158
2000	12	13	15	0	1.24100000000000	35.8783000000000	-117.709300000000	5.04000000000000	1	159
2000	12	13	15	0	0.903000000000000	35.7473000000000	-117.516800000000	3.64000000000000	1	160
2000	12	13	15	0	1.35300000000000	35.6809000000000	-117.529600000000	8.14000000000000	1	161
2000	12	13	15	0	0.969000000000000	35.6739000000000	-117.485100000000	3.24000000000000	1	162
2000	12	13	15	0	1.12500000000000	35.9660000000000	-117.705500000000	5.51000000000000	1	163
2000	12	13	15	0	1.04400000000000	35.9033000000000	-117.745400000000	8.43000000000000	1	164
2000	12	13	15	0	1.37400000000000	35.9263000000000	-117.698100000000	5.25000000000000	1	165
2000	12	13	15	0	1.19600000000000	35.7537000000000	-117.552300000000	6.92000000000000	1	166
2000	12	13	15	0	1.14900000000000	36.0543000000000	-117.842700000000	3.72000000000000	1	167
2000	12	13	15	0	1.34000000000000	36.0628000000000	-117.848100000000	13.6900000000000	1	168
2000	12	13	15	0	1.04500000000000	35.7229000000000	-117.524500000000	5.24000000000000	1	169
2000	12	13	15	0	1.06800000000000	35.5750000000000	-117.614500000000	4.04000000000000	1	170
2000	12	13	15	0	1.07200000000000	35.6783000000000	-117.477000000000	1.38000000000000	1	171
2000	12	13	15	0	1.22500000000000	35.9134000000000	-117.697800000000	5.51000000000000	1	172
2000	12	13	15	0	1.11300000000000	35.6755000000000	-117.481500000000	0.0900000000000000	1	173
2000	12	13	15	0	1.38400000000000	35.6692000000000	-117.518900000000	6.91000000000000	1	174
2000	12	13	15	0	1.08500000000000	35.7294000000000	-117.527100000000	5.71000000000000	1	175
2000	12	13	15	0	1.08100000000000	35.7552000000000	-117.568000000000	5.86000000000000	1	176
2000	12	13	15	0	1.09700000000000	35.9172000000000	-117.681400000000	6.16000000000000	1	177
2000	12	13	15	0	1.06700000000000	35.6633000000000	-117.486100000000	3.67000000000000	1	178
2000	12	13	15	0	1.15800000000000	35.9594000000000	-117.695000000000	5.45000000000000	1	179
2000	12	13	15	0	1.22100000000000	35.5938000000000	-117.422000000000	5.70000000000000	1	180
2000	12	13	15	0	1.22600000000000	35.9096000000000	-117.735700000000	7.94000000000000	1	181
2000	12	13	15	0	1.11400000000000	35.9356000000000	-117.703300000000	7.44000000000000	1	182
2000	12	13	15	0	1.03700000000000	35.6950000000000	-117.502400000000	5.45000000000000	1	183
2000	12	13	15	0	1.07100000000000	35.9704000000000	-117.656900000000	5.12000000000000	1	184
2000	12	13	15	0	1.18500000000000	35.9308000000000	-117.673800000000	5.44000000000000	1	185
2000	12	13	15	0	1.05400000000000	35.8854000000000	-117.681700000000	8.64000000000000	1	186
2000	12	13	15	0	1.15000000000000	35.9465000000000	-117.691600000000	5.35000000000000	1	187
2000	12	13	15	0	1.12500000000000	35.9395000000000	-117.689900000000	5.59000000000000	1	188
2000	12	13	15	0	1.12700000000000	35.9163000000000	-117.730700000000	8.38000000000000	1	189
2000	12	13	15	0	1.05600000000000	35.7180000000000	-117.547100000000	5.28000000000000	1	190
2000	12	13	15	0	1.01100000000000	35.6043000000000	-117.575900000000	3.51000000000000	1	191
2000	12	13	15	0	1.21600000000000	35.8948000000000	-117.678700000000	6.35000000000000	1	192
2000	12	13	15	0	1.07200000000000	35.8778000000000	-117.686600000000	8.02000000000000	1	193
2000	12	13	15	0	1.10500000000000	35.9709000000000	-117.654300000000	5.72000000000000	1	194
2000	12	13	15	0	1.22600000000000	35.6830000000000	-117.511300000000	6.40000000000000	1	195
2000	12	13	15	0	1.10300000000000	35.6706000000000	-117.463500000000	5.66000000000000	1	196
2000	12	13	15	0	1.11700000000000	35.6319000000000	-117.473300000000	4.77000000000000	1	197
2000	12	13	15	0	1.22400000000000	35.6721000000000	-117.507100000000	6.43000000000000	1	198
2000	12	13	15	0	1.12700000000000	35.8890000000000	-117.674000000000	8.44000000000000	1	199
2000	12	13	15	0	1.07400000000000	36.0476000000000	-117.851100000000	3.88000000000000	1	200
2000	12	13	15	0	0.980000000000000	35.6589000000000	-117.483700000000	2.54000000000000	1	201
2000	12	13	15	0	1.03900000000000	35.6571000000000	-117.499300000000	3.87000000000000	1	202
2000	12	13	15	0	1.18500000000000	35.8946000000000	-117.673000000000	5.71000000000000	1	203
2000	12	13	15	0	0.970000000000000	35.7041000000000	-117.495900000000	4.24000000000000	1	204
2000	12	13	15	0	1.13800000000000	35.9073000000000	-117.722700000000	6.15000000000000	1	205
2000	12	13	15	0	1.18300000000000	35.8977000000000	-117.666900000000	5.39000000000000	1	206
2000	12	13	15	0	1.05300000000000	35.9782000000000	-117.655000000000	4.49000000000000	1	207
2000	12	13	15	0	1.04900000000000	35.7547000000000	-117.563700000000	5.12000000000000	1	208
2000	12	13	15	0	1.23000000000000	35.9247000000000	-117.707600000000	5.32000000000000	1	209
2000	12	13	15	0	1.27600000000000	35.9240000000000	-117.709500000000	6.30000000000000	1	210
2000	12	13	15	0	1.06300000000000	35.7238000000000	-117.541500000000	5.48000000000000	1	211
2000	12	13	15	0	1.09600000000000	35.9694000000000	-117.657800000000	4.44000000000000	1	212
2000	12	13	15	0	1.20100000000000	35.9157000000000	-117.711000000000	5.09000000000000	1	213
2000	12	13	15	0	1.01000000000000	35.5946000000000	-117.603300000000	3.91000000000000	1	214
2000	12	13	15	0	1.15800000000000	35.5787000000000	-117.589300000000	3.66000000000000	1	215
2000	12	13	15	0	1.12900000000000	35.9618000000000	-117.694500000000	5.14000000000000	1	216
2000	12	13	15	0	1.18700000000000	36.0485000000000	-117.835900000000	3.70000000000000	1	217
2000	12	13	15	0	1.11700000000000	35.9318000000000	-117.692200000000	5.33000000000000	1	218
2000	12	13	15	0	1.05300000000000	35.7168000000000	-117.541300000000	4.41000000000000	1	219
2000	12	13	15	0	0.984000000000000	35.6587000000000	-117.490000000000	3.62000000000000	1	220
2000	12	13	15	0	1.20100000000000	35.9493000000000	-117.679300000000	4.80000000000000	1	221
2000	12	13	15	0	1.04700000000000	35.9064000000000	-117.739100000000	9.96000000000000	1	222
2000	12	13	15	0	1.25900000000000	35.9055000000000	-117.672800000000	4.89000000000000	1	223
2000	12	13	15	0	0.987000000000000	36.0577000000000	-117.840800000000	3.52000000000000	1	224
2000	12	13	15	0	1.16700000000000	36.0625000000000	-117.832800000000	4.98000000000000	1	225
2000	12	13	15	0	1.21700000000000	35.6823000000000	-117.527600000000	6.13000000000000	1	226
2000	12	13	15	0	1.06300000000000	35.8836000000000	-117.684200000000	8.11000000000000	1	227
2000	12	13	15	0	1.20900000000000	35.9102000000000	-117.715200000000	6.15000000000000	1	228
2000	12	13	15	0	1.13000000000000	36.0466000000000	-117.837800000000	3.98000000000000	1	229
2000	12	13	15	0	1.18600000000000	35.9225000000000	-117.698400000000	7.03000000000000	1	230
2000	12	13	15	0	1.18800000000000	35.6111000000000	-117.472400000000	4.55000000000000	1	231
2000	12	13	15	0	1.25100000000000	35.5882000000000	-117.366100000000	5.50000000000000	1	232
2000	12	13	15	0	1.07300000000000	35.5744000000000	-117.621000000000	4.63000000000000	1	233
2000	12	13	15	0	1.04400000000000	35.9034000000000	-117.688200000000	8.58000000000000	1	234
2000	12	13	15	0	0.955000000000000	35.6897000000000	-117.487100000000	0.710000000000000	1	235
2000	12	13	15	0	1.09600000000000	35.6056000000000	-117.576900000000	4.30000000000000	1	236
2000	12	13	15	0	1.06000000000000	35.6104000000000	-117.434700000000	5.86000000000000	1	237
2000	12	13	15	0	1.02400000000000	35.8691000000000	-117.697200000000	11.4900000000000	1	238
2000	12	13	15	0	1.35200000000000	35.8934000000000	-117.659900000000	5.11000000000000	1	239
2000	12	13	15	0	1.25100000000000	35.6723000000000	-117.524300000000	6.38000000000000	1	240
2000	12	13	15	0	1.10100000000000	35.7759000000000	-117.566700000000	6.52000000000000	1	241
2000	12	13	15	0	1.22100000000000	35.9894000000000	-117.661900000000	3.95000000000000	1	242
2000	12	13	15	0	1.08900000000000	35.6378000000000	-117.443300000000	5.14000000000000	1	243
2000	12	13	15	0	1.23000000000000	35.9598000000000	-117.693600000000	5.26000000000000	1	244
2000	12	13	15	0	1.15000000000000	35.9620000000000	-117.708400000000	5.44000000000000	1	245
2000	12	13	15	0	1.11500000000000	35.9170000000000	-117.700200000000	5.66000000000000	1	246
2000	12	13	15	0	1.09500000000000	35.9692000000000	-117.648200000000	4.50000000000000	1	247
2000	12	13	15	0	1.05200000000000	35.9288000000000	-117.689800000000	5.71000000000000	1	248
2000	12	13	15	0	1.33600000000000	35.6812000000000	-117.513300000000	6.53000000000000	1	249
2000	12	13	15	0	0.943000000000000	35.6716000000000	-117.483300000000	4.05000000000000	1	250
2000	12	13	15	0	1.16800000000000	35.6972000000000	-117.532600000000	7.19000000000000	1	251
2000	12	13	15	0	1.12000000000000	35.8954000000000	-117.716400000000	8.38000000000000	1	252
2000	12	13	15	0	1.12600000000000	35.6879000000000	-117.464900000000	5.91000000000000	1	253
2000	12	13	15	0	0.950000000000000	35.6791000000000	-117.473500000000	4.60000000000000	1	254
2000	12	13	15	0	1.22800000000000	35.5970000000000	-117.402800000000	7.21000000000000	1	255
2000	12	13	15	0	1.14800000000000	35.9403000000000	-117.670000000000	5.94000000000000	1	256
2000	12	13	15	0	1.03500000000000	35.6821000000000	-117.494600000000	2.23000000000000	1	257
2000	12	13	15	0	0.964000000000000	35.7458000000000	-117.549900000000	2.43000000000000	1	258
2000	12	13	15	0	0.938000000000000	35.7382000000000	-117.524700000000	5.09000000000000	1	259
2000	12	13	15	0	1.15000000000000	35.9043000000000	-117.667000000000	5.62000000000000	1	260
2000	12	13	15	0	1.25500000000000	35.9287000000000	-117.715000000000	5.64000000000000	1	261
2000	12	13	15	0	1.15900000000000	35.6169000000000	-117.414400000000	4.53000000000000	1	262
2000	12	13	15	0	1.08300000000000	35.9194000000000	-117.727900000000	8.57000000000000	1	263
2000	12	13	15	0	1.15500000000000	35.8836000000000	-117.701800000000	5.53000000000000	1	264
2000	12	13	15	0	1.20700000000000	35.6087000000000	-117.418200000000	5.21000000000000	1	265
2000	12	13	15	0	0.918000000000000	35.7062000000000	-117.501700000000	4.96000000000000	1	266
2000	12	13	15	0	1.13100000000000	36.0556000000000	-117.848700000000	4.50000000000000	1	267
2000	12	13	15	0	1.05500000000000	35.7326000000000	-117.536000000000	5.84000000000000	1	268
2000	12	13	15	0	1.17900000000000	35.6327000000000	-117.428200000000	4.19000000000000	1	269
2000	12	13	15	0	1.16400000000000	35.9272000000000	-117.719900000000	4.89000000000000	1	270
2000	12	13	15	0	1.06800000000000	35.6488000000000	-117.432100000000	3.50000000000000	1	271
2000	12	13	15	0	1.17500000000000	35.6835000000000	-117.520100000000	6.50000000000000	1	272
2000	12	13	15	0	1.04800000000000	35.6625000000000	-117.479800000000	5.54000000000000	1	273
2000	12	13	15	0	1.04900000000000	35.6575000000000	-117.460200000000	1.29000000000000	1	274
2000	12	13	15	0	1.02700000000000	35.6488000000000	-117.447500000000	2.68000000000000	1	275
2000	12	13	15	0	1.21800000000000	35.9292000000000	-117.702700000000	5.27000000000000	1	276
2000	12	13	15	0	1.10600000000000	35.9709000000000	-117.655600000000	4.95000000000000	1	277
2000	12	13	15	0	1.08400000000000	35.6171000000000	-117.416000000000	4.07000000000000	1	278
2000	12	13	15	0	1.13900000000000	35.9618000000000	-117.690600000000	5.59000000000000	1	279
2000	12	13	15	0	1.10500000000000	35.8847000000000	-117.669900000000	6.13000000000000	1	280
2000	12	13	15	0	1.05600000000000	35.6562000000000	-117.456600000000	5.01000000000000	1	281
2000	12	13	15	0	1.09800000000000	35.5820000000000	-117.614000000000	4.99000000000000	1	282
2000	12	13	15	0	1.34800000000000	35.6160000000000	-117.447400000000	5.44000000000000	1	283
2000	12	13	15	0	1.20800000000000	35.5944000000000	-117.428900000000	4.33000000000000	1	284
2000	12	13	15	0	1.05000000000000	35.7387000000000	-117.553700000000	4.18000000000000	1	285
2000	12	13	15	0	1.31100000000000	35.9903000000000	-117.659000000000	2.45000000000000	1	286
2000	12	13	15	0	1.02100000000000	35.8901000000000	-117.656500000000	9.29000000000000	1	287
2000	12	13	15	0	1.15300000000000	35.9023000000000	-117.707000000000	6.89000000000000	1	288
2000	12	13	15	0	1.05800000000000	35.9614000000000	-117.690000000000	5.64000000000000	1	289
2000	12	13	15	0	0.800000000000000	35.7195000000000	-117.484900000000	3.89000000000000	1	290
2000	12	13	15	0	1.16200000000000	35.6388000000000	-117.425600000000	4.28000000000000	1	291
2000	12	13	15	0	0.947000000000000	35.6865000000000	-117.479100000000	1.06000000000000	1	292
2000	12	13	15	0	1.04300000000000	35.9213000000000	-117.674300000000	5.55000000000000	1	293
2000	12	13	15	0	1.15400000000000	35.8989000000000	-117.688000000000	7.14000000000000	1	294
2000	12	13	15	0	1.06200000000000	35.9320000000000	-117.688000000000	3.83000000000000	1	295
2000	12	13	15	0	1.26900000000000	35.6994000000000	-117.528200000000	6.71000000000000	1	296
2000	12	13	15	0	1.11400000000000	35.9233000000000	-117.691400000000	5.27000000000000	1	297
2000	12	13	15	0	1.15700000000000	35.6879000000000	-117.522600000000	5.73000000000000	1	298
2000	12	13	15	0	0.860000000000000	35.7198000000000	-117.507900000000	3.30000000000000	1	299
2000	12	13	15	0	1.28600000000000	35.7013000000000	-117.526500000000	7.30000000000000	1	300
2000	12	13	15	0	1.11300000000000	35.7067000000000	-117.570500000000	5.16000000000000	1	301
2000	12	13	15	0	1.15900000000000	35.6331000000000	-117.421300000000	5.04000000000000	1	302
2000	12	13	15	0	1.20200000000000	35.7611000000000	-117.561000000000	7	1	303
2000	12	13	15	0	1.13300000000000	35.9857000000000	-117.656400000000	4.35000000000000	1	304
2000	12	13	15	0	1.18000000000000	35.8943000000000	-117.667000000000	6.17000000000000	1	305
2000	12	13	15	0	1.03100000000000	35.6449000000000	-117.439900000000	3.60000000000000	1	306
2000	12	13	15	0	1.09100000000000	35.9197000000000	-117.684500000000	5.80000000000000	1	307
2000	12	13	15	0	1.10500000000000	35.9186000000000	-117.668800000000	5.75000000000000	1	308
2000	12	13	15	0	1.10300000000000	35.6592000000000	-117.493300000000	5.57000000000000	1	309
2000	12	13	15	0	1.10700000000000	35.6186000000000	-117.415700000000	5.61000000000000	1	310
2000	12	13	15	0	1.04300000000000	35.6047000000000	-117.584500000000	3.30000000000000	1	311
2000	12	13	15	0	1.02600000000000	35.5942000000000	-117.595100000000	3.89000000000000	1	312
2000	12	13	15	0	1.13000000000000	35.5993000000000	-117.391400000000	8.12000000000000	1	313
2000	12	13	15	0	1.18400000000000	35.6346000000000	-117.426800000000	2.99000000000000	1	314
2000	12	13	15	0	0.848000000000000	35.7164000000000	-117.496100000000	3.47000000000000	1	315
2000	12	13	15	0	0.942000000000000	35.7340000000000	-117.526900000000	4.67000000000000	1	316
2000	12	13	15	0	0.823000000000000	36.0672000000000	-117.847400000000	3.44000000000000	1	317
2000	12	13	15	0	1.17000000000000	35.9482000000000	-117.689700000000	6.10000000000000	1	318
2000	12	13	15	0	1.17700000000000	35.9311000000000	-117.697000000000	5.10000000000000	1	319
2000	12	13	15	0	1.08700000000000	35.8947000000000	-117.717500000000	7.71000000000000	1	320
2000	12	13	15	0	1.13200000000000	35.9386000000000	-117.685000000000	5.47000000000000	1	321
2000	12	13	15	0	1.09300000000000	35.5989000000000	-117.586300000000	3.69000000000000	1	322
2000	12	13	15	0	1.02200000000000	35.7075000000000	-117.540200000000	4.83000000000000	1	323
2000	12	13	15	0	0.976000000000000	35.6716000000000	-117.478200000000	3.84000000000000	1	324
2000	12	13	15	0	1.36600000000000	35.6248000000000	-117.588200000000	6.86000000000000	1	325
2000	12	13	15	0	1.08200000000000	35.9953000000000	-117.644400000000	5.77000000000000	1	326
2000	12	13	15	0	1.16400000000000	35.7624000000000	-117.558800000000	6.16000000000000	1	327
2000	12	13	15	0	1.06800000000000	35.7512000000000	-117.561900000000	5.83000000000000	1	328
2000	12	13	15	0	1.12500000000000	35.9125000000000	-117.712800000000	6.96000000000000	1	329
2000	12	13	15	0	1.10200000000000	35.9039000000000	-117.698200000000	9.04000000000000	1	330
2000	12	13	15	0	1.05800000000000	35.6686000000000	-117.477900000000	1.67000000000000	1	331
2000	12	13	15	0	1.16200000000000	35.9081000000000	-117.683300000000	5.73000000000000	1	332
2000	12	13	15	0	1.16600000000000	35.8882000000000	-117.675500000000	5.76000000000000	1	333
2000	12	13	15	0	1.23000000000000	35.6107000000000	-117.420500000000	7.43000000000000	1	334
2000	12	13	15	0	1.15200000000000	35.9303000000000	-117.701300000000	5.49000000000000	1	335
2000	12	13	15	0	1.20000000000000	35.6306000000000	-117.440500000000	5.78000000000000	1	336
2000	12	13	15	0	1.08500000000000	35.6464000000000	-117.431000000000	4.94000000000000	1	337
2000	12	13	15	0	1.04300000000000	35.8953000000000	-117.696200000000	8.10000000000000	1	338
2000	12	13	15	0	1.22200000000000	35.7290000000000	-117.565000000000	6.59000000000000	1	339
2000	12	13	15	0	1.12700000000000	35.6352000000000	-117.430500000000	4.10000000000000	1	340
2000	12	13	15	0	1.18500000000000	35.8850000000000	-117.711900000000	5.44000000000000	1	341
2000	12	13	15	0	1.08700000000000	35.8973000000000	-117.731800000000	9.02000000000000	1	342
2000	12	13	15	0	1.12800000000000	35.8576000000000	-117.660600000000	8.38000000000000	1	343
2000	12	13	15	0	0.977000000000000	35.6834000000000	-117.494500000000	3.44000000000000	1	344
2000	12	13	15	0	1.13500000000000	35.6334000000000	-117.435200000000	3.21000000000000	1	345
2000	12	13	15	0	1.16600000000000	35.9044000000000	-117.681400000000	5.35000000000000	1	346
2000	12	13	15	0	1.18000000000000	35.6139000000000	-117.581400000000	4.47000000000000	1	347
2000	12	13	15	0	1.12500000000000	35.9541000000000	-117.669200000000	3.98000000000000	1	348
2000	12	13	15	0	1.15000000000000	36.0631000000000	-117.844900000000	5.22000000000000	1	349
2000	12	13	15	0	1.04700000000000	35.6570000000000	-117.486400000000	5.24000000000000	1	350
2000	12	13	15	0	1.08900000000000	35.9128000000000	-117.666500000000	5.42000000000000	1	351
2000	12	13	15	0	1.35200000000000	35.8887000000000	-117.676900000000	3.88000000000000	1	352
2000	12	13	15	0	1.10100000000000	35.6355000000000	-117.435100000000	3.11000000000000	1	353
2000	12	13	15	0	1.32300000000000	35.8440000000000	-117.658400000000	5.61000000000000	1	354
2000	12	13	15	0	1.26300000000000	35.9399000000000	-117.690900000000	5.40000000000000	1	355
2000	12	13	15	0	0.949000000000000	35.7494000000000	-117.539100000000	4.43000000000000	1	356
2000	12	13	15	0	1.21700000000000	35.6153000000000	-117.460100000000	3.85000000000000	1	357
2000	12	13	15	0	1.21900000000000	35.9739000000000	-117.665900000000	4.71000000000000	1	358
2000	12	13	15	0	1.17000000000000	35.9405000000000	-117.678400000000	5.07000000000000	1	359
2000	12	13	15	0	1.09800000000000	35.7172000000000	-117.548400000000	5.52000000000000	1	360
2000	12	13	15	0	1.29900000000000	35.8414000000000	-117.642800000000	5.67000000000000	1	361
2000	12	13	15	0	1.07400000000000	36.0510000000000	-117.866400000000	4.43000000000000	1	362
2000	12	13	15	0	1.16700000000000	36.0192000000000	-117.868300000000	1.97000000000000	1	363
2000	12	13	15	0	1.13800000000000	35.5783000000000	-117.616200000000	4.53000000000000	1	364
2000	12	13	15	0	1.17900000000000	35.6888000000000	-117.512100000000	6.60000000000000	1	365
2000	12	13	15	0	1.19100000000000	35.9765000000000	-117.673500000000	4.86000000000000	1	366
2000	12	13	15	0	1.18300000000000	35.9108000000000	-117.690600000000	7.83000000000000	1	367
2000	12	13	15	0	1.11200000000000	35.6092000000000	-117.581300000000	5.59000000000000	1	368
2000	12	13	15	0	1.07800000000000	35.9400000000000	-117.680600000000	5.24000000000000	1	369
2000	12	13	15	0	1.17400000000000	35.8346000000000	-117.648200000000	6.92000000000000	1	370
2000	12	13	15	0	1.14800000000000	35.6255000000000	-117.443400000000	4.86000000000000	1	371
2000	12	13	15	0	1.12100000000000	35.6521000000000	-117.456200000000	4.39000000000000	1	372
2000	12	13	15	0	1.08200000000000	35.6739000000000	-117.457600000000	6.06000000000000	1	373
2000	12	13	15	0	1.23100000000000	35.9358000000000	-117.687000000000	4.83000000000000	1	374
2000	12	13	15	0	0.941000000000000	35.6643000000000	-117.461600000000	2.98000000000000	1	375
2000	12	13	15	0	0.947000000000000	35.6792000000000	-117.467600000000	2.09000000000000	1	376
2000	12	13	15	0	1.14000000000000	35.8928000000000	-117.714900000000	6.45000000000000	1	377
2000	12	13	15	0	1.26700000000000	35.7007000000000	-117.578100000000	7.97000000000000	1	378
2000	12	13	15	0	1.23100000000000	36.0314000000000	-117.840700000000	4.75000000000000	1	379
2000	12	13	15	0	1.09000000000000	35.6434000000000	-117.463100000000	4.33000000000000	1	380
2000	12	13	15	0	1.33600000000000	35.9247000000000	-117.722400000000	6.56000000000000	1	381
2000	12	13	15	0	0.856000000000000	35.5673000000000	-117.628100000000	3.76000000000000	1	382
2000	12	13	15	0	1.16500000000000	35.5963000000000	-117.350800000000	5.44000000000000	1	383
2000	12	13	15	0	1.06000000000000	35.6638000000000	-117.450000000000	2.42000000000000	1	384
2000	12	13	15	0	1.20900000000000	35.8805000000000	-117.695000000000	6.96000000000000	1	385
2000	12	13	15	0	1.09200000000000	35.9500000000000	-117.683300000000	4.85000000000000	1	386
2000	12	13	15	0	1.11500000000000	35.9055000000000	-117.666100000000	5.26000000000000	1	387
2000	12	13	15	0	1.06900000000000	35.9057000000000	-117.655400000000	6.80000000000000	1	388
2000	12	13	15	0	1.12400000000000	35.9042000000000	-117.692300000000	5.83000000000000	1	389
2000	12	13	15	0	1.22900000000000	35.9190000000000	-117.725300000000	6.67000000000000	1	390
2000	12	13	15	0	1.21800000000000	35.6091000000000	-117.427500000000	4.15000000000000	1	391
2000	12	13	15	0	1.23100000000000	35.8935000000000	-117.674900000000	6.84000000000000	1	392
2000	12	13	15	0	1.15100000000000	35.6397000000000	-117.457900000000	3.77000000000000	1	393
2000	12	13	15	0	1.13600000000000	35.6330000000000	-117.447900000000	5.43000000000000	1	394
2000	12	13	15	0	1.10400000000000	35.9031000000000	-117.667500000000	5.36000000000000	1	395
2000	12	13	15	0	1.33300000000000	35.8770000000000	-117.699400000000	5.24000000000000	1	396
2000	12	13	15	0	1.18700000000000	35.6070000000000	-117.433000000000	5.46000000000000	1	397
2000	12	13	15	0	1.25800000000000	35.7045000000000	-117.517200000000	6.79000000000000	1	398
2000	12	13	15	0	1.17900000000000	35.9497000000000	-117.683700000000	5.20000000000000	1	399
2000	12	13	15	0	0.993000000000000	35.5987000000000	-117.592100000000	4.38000000000000	1	400
2000	12	13	15	0	1.09900000000000	35.8827000000000	-117.684100000000	7.51000000000000	1	401
2000	12	13	15	0	1.22700000000000	35.9143000000000	-117.745600000000	7.23000000000000	1	402
2000	12	13	15	0	1.21600000000000	35.6210000000000	-117.439000000000	4	1	403
2000	12	13	15	0	1.03200000000000	35.5994000000000	-117.594700000000	3.96000000000000	1	404
2000	12	13	15	0	1.16200000000000	35.9078000000000	-117.670400000000	5.45000000000000	1	405
2000	12	13	15	0	1.14500000000000	35.9551000000000	-117.714200000000	5.49000000000000	1	406
2000	12	13	15	0	1.12700000000000	35.9325000000000	-117.676700000000	4.91000000000000	1	407
2000	12	13	15	0	1.05100000000000	35.6484000000000	-117.456100000000	2.70000000000000	1	408
2000	12	13	15	0	1.32700000000000	35.6671000000000	-117.517800000000	6.70000000000000	1	409
2000	12	13	15	0	1.13000000000000	35.6384000000000	-117.434200000000	4.73000000000000	1	410
2000	12	13	15	0	1.32900000000000	35.8217000000000	-117.630700000000	4.64000000000000	1	411
2000	12	13	15	0	1.08300000000000	35.6473000000000	-117.445800000000	3.22000000000000	1	412
2000	12	13	15	0	1.06100000000000	35.6367000000000	-117.459600000000	3.25000000000000	1	413
2000	12	13	15	0	1.25000000000000	35.6920000000000	-117.522700000000	6.89000000000000	1	414
2000	12	13	15	0	1.14200000000000	35.9763000000000	-117.663800000000	5.45000000000000	1	415
2000	12	13	15	0	1.17600000000000	36.0445000000000	-117.842000000000	3.86000000000000	1	416
2000	12	13	15	0	1.14300000000000	35.9741000000000	-117.651700000000	4.77000000000000	1	417
2000	12	13	15	0	1.25500000000000	35.9884000000000	-117.660400000000	4.84000000000000	1	418
2000	12	13	15	0	1.25500000000000	35.6613000000000	-117.532600000000	8.96000000000000	1	419
2000	12	13	15	0	1.19100000000000	35.6110000000000	-117.387000000000	6.34000000000000	1	420
2000	12	13	15	0	1.16700000000000	35.6243000000000	-117.413100000000	4.64000000000000	1	421
2000	12	13	15	0	1.18100000000000	36.0531000000000	-117.843300000000	4	1	422
2000	12	13	15	0	1.23300000000000	35.5897000000000	-117.423800000000	4.87000000000000	1	423
2000	12	13	15	0	1.09900000000000	35.8983000000000	-117.673700000000	6.47000000000000	1	424
2000	12	13	15	0	1.16700000000000	35.8977000000000	-117.664000000000	7.88000000000000	1	425
2000	12	13	15	0	0.951000000000000	35.6817000000000	-117.487500000000	1.12000000000000	1	426
2000	12	13	15	0	1.06200000000000	35.6791000000000	-117.479300000000	1.07000000000000	1	427
2000	12	13	15	0	1.12400000000000	35.9653000000000	-117.694400000000	5.54000000000000	1	428
2000	12	13	15	0	1.12600000000000	35.9188000000000	-117.682500000000	5.69000000000000	1	429
2000	12	13	15	0	1.03600000000000	35.6830000000000	-117.482700000000	1.52000000000000	1	430
2000	12	13	15	0	1.20700000000000	35.7602000000000	-117.571000000000	8.10000000000000	1	431
2000	12	13	15	0	1.13900000000000	35.6357000000000	-117.436700000000	4.75000000000000	1	432
2000	12	13	15	0	1.21400000000000	35.6672000000000	-117.519000000000	7.49000000000000	1	433
2000	12	13	15	0	1.12500000000000	36.0432000000000	-117.871600000000	3.85000000000000	1	434
2000	12	13	15	0	1.06900000000000	35.9429000000000	-117.689800000000	5.53000000000000	1	435
2000	12	13	15	0	1.31600000000000	35.6749000000000	-117.512000000000	6.35000000000000	1	436
2000	12	13	15	0	1.18800000000000	35.9148000000000	-117.720600000000	6.57000000000000	1	437
2000	12	13	15	0	1.15000000000000	35.6263000000000	-117.430700000000	5.68000000000000	1	438
2000	12	13	15	0	1.17700000000000	35.6596000000000	-117.458200000000	7.06000000000000	1	439
2000	12	13	15	0	1.18200000000000	35.6129000000000	-117.461900000000	5.06000000000000	1	440
2000	12	13	15	0	1.07000000000000	35.9113000000000	-117.709600000000	7.77000000000000	1	441
2000	12	13	15	0	0.965000000000000	35.7747000000000	-117.538900000000	5.14000000000000	1	442
2000	12	13	15	0	1.12500000000000	35.9682000000000	-117.654200000000	5.04000000000000	1	443
2000	12	13	15	0	0.911000000000000	35.7111000000000	-117.497800000000	4.45000000000000	1	444
2000	12	13	15	0	0.982000000000000	35.7469000000000	-117.545500000000	3.96000000000000	1	445
2000	12	13	15	0	1.17200000000000	35.7023000000000	-117.500400000000	8.11000000000000	1	446
2000	12	13	15	0	1.11400000000000	35.9009000000000	-117.681600000000	5.46000000000000	1	447
2000	12	13	15	0	0.935000000000000	35.5789000000000	-117.616700000000	2.93000000000000	1	448
2000	12	13	15	0	1.48000000000000	35.5838000000000	-117.350000000000	3.43000000000000	1	449
2000	12	13	15	0	1.06500000000000	35.9698000000000	-117.651400000000	5.17000000000000	1	450
2000	12	13	15	0	1.16700000000000	35.5732000000000	-117.593700000000	4.62000000000000	1	451
2000	12	13	15	0	1.11400000000000	35.9232000000000	-117.702200000000	7.15000000000000	1	452
2000	12	13	15	0	0.986000000000000	35.6721000000000	-117.487600000000	2.87000000000000	1	453
2000	12	13	15	0	1.11100000000000	35.9163000000000	-117.679000000000	5.64000000000000	1	454
2000	12	13	15	0	1.22800000000000	35.8244000000000	-117.641600000000	5.37000000000000	1	455
2000	12	13	15	0	1.28200000000000	35.6677000000000	-117.523300000000	8.57000000000000	1	456
2000	12	13	15	0	1.05600000000000	35.6471000000000	-117.457700000000	3.49000000000000	1	457
2000	12	13	15	0	1.29100000000000	35.7082000000000	-117.568300000000	7.13000000000000	1	458
2000	12	13	15	0	1.13600000000000	35.6366000000000	-117.432200000000	6.05000000000000	1	459
2000	12	13	15	0	0.988000000000000	35.5787000000000	-117.616900000000	3.39000000000000	1	460
2000	12	13	15	0	1.18800000000000	35.6782000000000	-117.509500000000	6.35000000000000	1	461
2000	12	13	15	0	1.08000000000000	35.7730000000000	-117.553500000000	5.79000000000000	1	462
2000	12	13	15	0	1.20600000000000	35.7564000000000	-117.558300000000	6.18000000000000	1	463
2000	12	13	15	0	1.17900000000000	35.6053000000000	-117.401900000000	7.25000000000000	1	464
2000	12	13	15	0	1.08800000000000	35.9652000000000	-117.703500000000	5.63000000000000	1	465
2000	12	13	15	0	1.17400000000000	35.9001000000000	-117.685800000000	8.04000000000000	1	466
2000	12	13	15	0	1.20100000000000	35.7291000000000	-117.540800000000	5.94000000000000	1	467
2000	12	13	15	0	1.09200000000000	35.9077000000000	-117.669200000000	4.88000000000000	1	468
2000	12	13	15	0	1.13500000000000	35.8870000000000	-117.659600000000	6.49000000000000	1	469
2000	12	13	15	0	1.06000000000000	35.7749000000000	-117.554200000000	5.75000000000000	1	470
2000	12	13	15	0	1.18600000000000	35.5870000000000	-117.609400000000	5.09000000000000	1	471
2000	12	13	15	0	1.00200000000000	35.7005000000000	-117.507800000000	5.32000000000000	1	472
2000	12	13	15	0	1.23200000000000	35.5812000000000	-117.355900000000	6.01000000000000	1	473
2000	12	13	15	0	1.07900000000000	35.8949000000000	-117.704700000000	7.84000000000000	1	474
2000	12	13	15	0	0.930000000000000	35.6817000000000	-117.488000000000	1.33000000000000	1	475
2000	12	13	15	0	1.06600000000000	35.9257000000000	-117.679700000000	5.33000000000000	1	476
2000	12	13	15	0	1.05100000000000	35.6769000000000	-117.469200000000	5.33000000000000	1	477
2000	12	13	15	0	1.14800000000000	35.7493000000000	-117.552800000000	8.71000000000000	1	478
2000	12	13	15	0	1.19800000000000	36.0556000000000	-117.847200000000	5.49000000000000	1	479
2000	12	13	15	0	1.32400000000000	35.6583000000000	-117.518400000000	7.40000000000000	1	480
2000	12	13	15	0	1.19600000000000	36.0564000000000	-117.833300000000	3.97000000000000	1	481
2000	12	13	15	0	1.26300000000000	35.8829000000000	-117.661100000000	9.66000000000000	1	482
2000	12	13	15	0	1.03600000000000	35.9034000000000	-117.672400000000	9.87000000000000	1	483
2000	12	13	15	0	1.10200000000000	35.6494000000000	-117.443700000000	3	1	484
2000	12	13	15	0	1.05600000000000	35.6546000000000	-117.449600000000	4.32000000000000	1	485
2000	12	13	15	0	1.12000000000000	35.8830000000000	-117.677900000000	6.26000000000000	1	486
2000	12	13	15	0	1.19400000000000	35.8308000000000	-117.647800000000	6.03000000000000	1	487
2000	12	13	15	0	1.25900000000000	35.8965000000000	-117.668000000000	5.08000000000000	1	488
2000	12	13	15	0	1.07200000000000	35.5741000000000	-117.629400000000	4.65000000000000	1	489
2000	12	13	15	0	1.27800000000000	35.5745000000000	-117.350600000000	4.65000000000000	1	490
2000	12	13	15	0	1.26800000000000	35.9117000000000	-117.705900000000	5.54000000000000	1	491
2000	12	13	15	0	1.22300000000000	35.6884000000000	-117.492500000000	5.65000000000000	1	492
2000	12	13	15	0	1.08200000000000	35.9272000000000	-117.706700000000	6.20000000000000	1	493
2000	12	13	15	0	1.21600000000000	35.7043000000000	-117.573400000000	6.77000000000000	1	494
2000	12	13	15	0	1.12200000000000	35.9617000000000	-117.682900000000	5.22000000000000	1	495
2000	12	13	15	0	1.07200000000000	35.8961000000000	-117.696400000000	9.02000000000000	1	496
2000	12	13	15	0	1.07200000000000	35.6501000000000	-117.444700000000	5.14000000000000	1	497
2000	12	13	15	0	1.27300000000000	35.9414000000000	-117.694500000000	7.39000000000000	1	498
2000	12	13	15	0	1.18500000000000	35.6802000000000	-117.509700000000	6.30000000000000	1	499
2000	12	13	15	0	1.13500000000000	35.6257000000000	-117.432200000000	6.63000000000000	1	500
2000	12	13	15	0	1.06300000000000	35.6490000000000	-117.447100000000	3.44000000000000	1	501
2000	12	13	15	0	1.09600000000000	35.6950000000000	-117.515100000000	5.59000000000000	1	502
2000	12	13	15	0	1.26300000000000	35.6069000000000	-117.422500000000	6.78000000000000	1	503
2000	12	13	15	0	1.02700000000000	35.6613000000000	-117.443200000000	3.81000000000000	1	504
2000	12	13	15	0	1.14100000000000	35.8999000000000	-117.694800000000	5.53000000000000	1	505
2000	12	13	15	0	1.02300000000000	35.6703000000000	-117.480000000000	3.76000000000000	1	506
2000	12	13	15	0	1.09500000000000	35.9405000000000	-117.656200000000	5.26000000000000	1	507
2000	12	13	15	0	1.15900000000000	36.0598000000000	-117.835300000000	3.85000000000000	1	508
2000	12	13	15	0	0.878000000000000	35.5565000000000	-117.321100000000	9.09000000000000	1	509
2000	12	13	15	0	1.20200000000000	35.9822000000000	-117.659900000000	4.92000000000000	1	510
2000	12	13	15	0	1.06800000000000	35.8866000000000	-117.670700000000	9.34000000000000	1	511
2000	12	13	15	0	1.20500000000000	35.6114000000000	-117.414800000000	4.16000000000000	1	512
2000	12	13	15	0	1.04800000000000	35.6629000000000	-117.480800000000	5.24000000000000	1	513
2000	12	13	15	0	1.15600000000000	35.9303000000000	-117.704500000000	6.21000000000000	1	514
2000	12	13	15	0	1.12000000000000	35.8801000000000	-117.686900000000	8.98000000000000	1	515
2000	12	13	15	0	1.13000000000000	36.0629000000000	-117.838700000000	3.92000000000000	1	516
2000	12	13	15	0	1.19900000000000	35.8969000000000	-117.722000000000	8.34000000000000	1	517
2000	12	13	15	0	1.15700000000000	35.6746000000000	-117.515400000000	6.46000000000000	1	518
2000	12	13	15	0	1.18100000000000	35.9080000000000	-117.669300000000	5.45000000000000	1	519
2000	12	13	15	0	1.03800000000000	35.7210000000000	-117.541400000000	4.70000000000000	1	520
2000	12	13	15	0	1.08500000000000	35.9584000000000	-117.681400000000	4.93000000000000	1	521
2000	12	13	15	0	0.996000000000000	35.8911000000000	-117.694000000000	10.9500000000000	1	522
2000	12	13	15	0	1.10500000000000	35.9532000000000	-117.694800000000	5.64000000000000	1	523
2000	12	13	15	0	1.26400000000000	35.5950000000000	-117.419300000000	5.27000000000000	1	524
2000	12	13	15	0	1.20900000000000	35.7574000000000	-117.568000000000	6.42000000000000	1	525
2000	12	13	15	0	1.09700000000000	35.6957000000000	-117.508700000000	5.24000000000000	1	526
2000	12	13	15	0	1.13000000000000	35.6857000000000	-117.519100000000	5.79000000000000	1	527
2000	12	13	15	0	1.14900000000000	35.9072000000000	-117.686400000000	5.88000000000000	1	528
2000	12	13	15	0	1.29900000000000	35.8862000000000	-117.685200000000	5.22000000000000	1	529
2000	12	13	15	0	1.13400000000000	35.9659000000000	-117.695400000000	5.12000000000000	1	530
2000	12	13	15	0	1.16000000000000	35.9154000000000	-117.725100000000	6.15000000000000	1	531
2000	12	13	15	0	1.04700000000000	35.6789000000000	-117.507800000000	4.78000000000000	1	532
2000	12	13	15	0	1.16100000000000	36.0719000000000	-117.843300000000	5.04000000000000	1	533
2000	12	13	15	0	0.924000000000000	35.7137000000000	-117.494900000000	4.22000000000000	1	534
2000	12	13	15	0	1.17700000000000	36.0354000000000	-117.846700000000	4.84000000000000	1	535
2000	12	13	15	0	1.05700000000000	35.6569000000000	-117.437900000000	5.58000000000000	1	536
2000	12	13	15	0	1.15600000000000	35.7740000000000	-117.557700000000	6.06000000000000	1	537
2000	12	13	15	0	1.10800000000000	35.8661000000000	-117.664100000000	8.81000000000000	1	538
2000	12	13	15	0	1.16900000000000	35.9086000000000	-117.717500000000	5.88000000000000	1	539
2000	12	13	15	0	1.05300000000000	35.6306000000000	-117.424400000000	3.75000000000000	1	540
2000	12	13	15	0	1.04000000000000	35.8972000000000	-117.717000000000	11.4000000000000	1	541
2000	12	13	15	0	1.07900000000000	35.9407000000000	-117.689400000000	5.56000000000000	1	542
2000	12	13	15	0	1.04500000000000	35.6432000000000	-117.452700000000	5.35000000000000	1	543
2000	12	13	15	0	1.39500000000000	35.6949000000000	-117.528900000000	7.82000000000000	1	544
2000	12	13	15	0	1.21000000000000	35.5656000000000	-117.326500000000	5.59000000000000	1	545
2000	12	13	15	0	0.994000000000000	35.6879000000000	-117.470700000000	5.61000000000000	1	546
2000	12	13	15	0	1.17800000000000	35.8989000000000	-117.711100000000	7.94000000000000	1	547
2000	12	13	15	0	1.12800000000000	35.8911000000000	-117.679400000000	8.70000000000000	1	548
2000	12	13	15	0	1.02200000000000	35.7744000000000	-117.547700000000	5.70000000000000	1	549
2000	12	13	15	0	1.21900000000000	35.9247000000000	-117.696500000000	5.28000000000000	1	550
2000	12	13	15	0	1.16800000000000	36.0639000000000	-117.849700000000	5.15000000000000	1	551
2000	12	13	15	0	1.17100000000000	35.8795000000000	-117.684300000000	9.06000000000000	1	552
2000	12	13	15	0	0.832000000000000	35.7226000000000	-117.517300000000	3.11000000000000	1	553
2000	12	13	15	0	0.974000000000000	35.6722000000000	-117.475000000000	3.63000000000000	1	554
2000	12	13	15	0	1.23100000000000	35.8958000000000	-117.715400000000	6.50000000000000	1	555
2000	12	13	15	0	1.22900000000000	36.0431000000000	-117.864300000000	3.62000000000000	1	556
2000	12	13	15	0	1.09000000000000	35.6726000000000	-117.509100000000	4.41000000000000	1	557
2000	12	13	15	0	1.16200000000000	35.7193000000000	-117.559200000000	6.36000000000000	1	558
2000	12	13	15	0	1.10100000000000	35.9328000000000	-117.681500000000	5.05000000000000	1	559
2000	12	13	15	0	1.12400000000000	35.8927000000000	-117.727700000000	7.05000000000000	1	560
2000	12	13	15	0	1.07700000000000	35.7423000000000	-117.549800000000	4.04000000000000	1	561
2000	12	13	15	0	1.13600000000000	35.9200000000000	-117.699400000000	5.80000000000000	1	562
2000	12	13	15	0	1.24300000000000	36.0321000000000	-117.837900000000	4.83000000000000	1	563
2000	12	13	15	0	1.17600000000000	35.6303000000000	-117.452600000000	5.32000000000000	1	564
2000	12	13	15	0	1.01500000000000	35.8769000000000	-117.685100000000	8.66000000000000	1	565
2000	12	13	15	0	1.06100000000000	35.6552000000000	-117.448800000000	3.43000000000000	1	566
2000	12	13	15	0	1.15600000000000	35.6917000000000	-117.502000000000	6.27000000000000	1	567
2000	12	13	15	0	1.15800000000000	35.6873000000000	-117.505300000000	6.48000000000000	1	568
2000	12	13	15	0	1.12500000000000	35.9480000000000	-117.689400000000	5.36000000000000	1	569
2000	12	13	15	0	1.21400000000000	35.9259000000000	-117.707800000000	5.12000000000000	1	570
2000	12	13	15	0	1.13800000000000	35.8953000000000	-117.700300000000	6.82000000000000	1	571
2000	12	13	15	0	1.27500000000000	35.6900000000000	-117.523300000000	6.87000000000000	1	572
2000	12	13	15	0	1.04300000000000	35.8925000000000	-117.676800000000	8.79000000000000	1	573
2000	12	13	15	0	0.994000000000000	35.7112000000000	-117.495700000000	5.51000000000000	1	574
2000	12	13	15	0	1.24600000000000	36.0432000000000	-117.859700000000	3.43000000000000	1	575
2000	12	13	15	0	1.10100000000000	35.6063000000000	-117.579400000000	4.63000000000000	1	576
2000	12	13	15	0	1.14300000000000	35.6792000000000	-117.503700000000	6.49000000000000	1	577
2000	12	13	15	0	1.20600000000000	35.9056000000000	-117.669100000000	5.67000000000000	1	578
2000	12	13	15	0	1.36400000000000	35.8498000000000	-117.641200000000	5.75000000000000	1	579
2000	12	13	15	0	1.08800000000000	35.8891000000000	-117.727200000000	8.81000000000000	1	580
2000	12	13	15	0	1.07700000000000	35.6484000000000	-117.443600000000	4.25000000000000	1	581
2000	12	13	15	0	1.12400000000000	35.9117000000000	-117.683500000000	6.18000000000000	1	582
2000	12	13	15	0	1.39500000000000	35.6644000000000	-117.525700000000	7.71000000000000	1	583
2000	12	13	15	0	1.01600000000000	35.6559000000000	-117.451900000000	1.68000000000000	1	584
2000	12	13	15	0	1.05800000000000	35.9903000000000	-117.651600000000	5.38000000000000	1	585
2000	12	13	15	0	1.11600000000000	35.9826000000000	-117.661800000000	5.19000000000000	1	586
2000	12	13	15	0	1.13100000000000	35.9206000000000	-117.703100000000	7.59000000000000	1	587
2000	12	13	15	0	1.22300000000000	35.9174000000000	-117.724800000000	6.22000000000000	1	588
2000	12	13	15	0	1.31100000000000	35.9792000000000	-117.668300000000	5.03000000000000	1	589
2000	12	13	15	0	1.14400000000000	35.6329000000000	-117.453000000000	4.86000000000000	1	590
2000	12	13	15	0	1.08400000000000	35.6236000000000	-117.411300000000	8.23000000000000	1	591
2000	12	13	15	0	1.10900000000000	35.8809000000000	-117.681700000000	9.25000000000000	1	592
2000	12	13	15	0	1.19700000000000	35.5904000000000	-117.427600000000	5.16000000000000	1	593
2000	12	13	15	0	1.12000000000000	35.9213000000000	-117.653600000000	5.29000000000000	1	594
2000	12	13	15	0	1.16600000000000	35.8894000000000	-117.684500000000	9.43000000000000	1	595
2000	12	13	15	0	1.10600000000000	35.6470000000000	-117.447800000000	4.08000000000000	1	596
2000	12	13	15	0	1.00600000000000	35.6806000000000	-117.499100000000	5.01000000000000	1	597
2000	12	13	15	0	0.981000000000000	35.6591000000000	-117.471200000000	2.03000000000000	1	598
2000	12	13	15	0	1.26600000000000	35.8869000000000	-117.697800000000	5.75000000000000	1	599
2000	12	13	15	0	1.01800000000000	35.8903000000000	-117.675900000000	8.94000000000000	1	600
2000	12	13	15	0	0.970000000000000	35.6738000000000	-117.496300000000	2.80000000000000	1	601
2000	12	13	15	0	1.10600000000000	35.9556000000000	-117.674500000000	5.23000000000000	1	602
2000	12	13	15	0	1.53400000000000	35.5705000000000	-117.342400000000	3.46000000000000	1	603
2000	12	13	15	0	1.13000000000000	35.7490000000000	-117.560100000000	4.47000000000000	1	604
2000	12	13	15	0	1.06500000000000	35.7263000000000	-117.530500000000	4.71000000000000	1	605
2000	12	13	15	0	1.26200000000000	35.5837000000000	-117.342300000000	5.22000000000000	1	606
2000	12	13	15	0	1.06900000000000	35.9643000000000	-117.685100000000	6.07000000000000	1	607
2000	12	13	15	0	0.983000000000000	35.7202000000000	-117.543400000000	4.14000000000000	1	608
2000	12	13	15	0	1.27600000000000	35.8331000000000	-117.633400000000	5.76000000000000	1	609
2000	12	13	15	0	1.11900000000000	35.7152000000000	-117.526100000000	6.60000000000000	1	610
2000	12	13	15	0	1.28200000000000	36.0450000000000	-117.872000000000	4.94000000000000	1	611
2000	12	13	15	0	1.03600000000000	35.6687000000000	-117.473800000000	5.48000000000000	1	612
2000	12	13	15	0	1.18900000000000	36.0528000000000	-117.843600000000	3.77000000000000	1	613
2000	12	13	15	0	1.23300000000000	35.7145000000000	-117.554300000000	7.68000000000000	1	614
2000	12	13	15	0	1.07700000000000	35.6079000000000	-117.574200000000	3.84000000000000	1	615
2000	12	13	15	0	0.931000000000000	35.6931000000000	-117.502200000000	5.60000000000000	1	616
2000	12	13	15	0	1.13200000000000	35.9596000000000	-117.690500000000	7.61000000000000	1	617
2000	12	13	15	0	1.02300000000000	35.6638000000000	-117.435500000000	4.50000000000000	1	618
2000	12	13	15	0	1.15400000000000	35.8969000000000	-117.714600000000	7.87000000000000	1	619
2000	12	13	15	0	1.18000000000000	36.0325000000000	-117.851100000000	3.92000000000000	1	620
2000	12	13	15	0	1.09700000000000	35.9136000000000	-117.688600000000	5.85000000000000	1	621
2000	12	13	15	0	1.16200000000000	35.9451000000000	-117.679000000000	5.29000000000000	1	622
2000	12	13	15	0	1.00300000000000	35.5751000000000	-117.593900000000	3.03000000000000	1	623
2000	12	13	15	0	1.28800000000000	35.5816000000000	-117.352500000000	5.28000000000000	1	624
2000	12	13	15	0	1.12200000000000	35.9224000000000	-117.702700000000	7.96000000000000	1	625
2000	12	13	15	0	1.17300000000000	36.0383000000000	-117.839100000000	4.07000000000000	1	626
2000	12	13	15	0	1.15200000000000	35.5766000000000	-117.593300000000	4.91000000000000	1	627
2000	12	13	15	0	1.23600000000000	35.6888000000000	-117.523500000000	7.58000000000000	1	628
2000	12	13	15	0	1.21200000000000	35.6881000000000	-117.510800000000	6.74000000000000	1	629
2000	12	13	15	0	1.09700000000000	35.8967000000000	-117.703800000000	8.76000000000000	1	630
2000	12	13	15	0	1.26000000000000	35.9284000000000	-117.707700000000	5.62000000000000	1	631
2000	12	13	15	0	1.29300000000000	35.7001000000000	-117.517000000000	7.67000000000000	1	632
2000	12	13	15	0	0.914000000000000	35.7066000000000	-117.493800000000	4.77000000000000	1	633
2000	12	13	15	0	1.17900000000000	35.6344000000000	-117.435700000000	6.04000000000000	1	634
2000	12	13	15	0	1.14500000000000	35.9215000000000	-117.689200000000	6.78000000000000	1	635
2000	12	13	15	0	1.18900000000000	35.8203000000000	-117.637400000000	5.35000000000000	1	636
2000	12	13	15	0	1.16600000000000	35.8840000000000	-117.677300000000	7.16000000000000	1	637
2000	12	13	15	0	1.20900000000000	35.7105000000000	-117.561600000000	7.78000000000000	1	638
2000	12	13	15	0	1.09800000000000	35.9244000000000	-117.700500000000	7.37000000000000	1	639
2000	12	13	15	0	1.21100000000000	35.9066000000000	-117.705600000000	6.38000000000000	1	640
2000	12	13	15	0	0.923000000000000	35.7179000000000	-117.511500000000	3.85000000000000	1	641
2000	12	13	15	0	1.00100000000000	35.7502000000000	-117.543900000000	4.18000000000000	1	642
2000	12	13	15	0	1.30100000000000	35.9218000000000	-117.716400000000	5.47000000000000	1	643
2000	12	13	15	0	1.17000000000000	35.6098000000000	-117.421700000000	6.19000000000000	1	644
2000	12	13	15	0	1.12300000000000	35.9290000000000	-117.662100000000	5.01000000000000	1	645
2000	12	13	15	0	1.22300000000000	35.7196000000000	-117.560700000000	6.44000000000000	1	646
2000	12	13	15	0	1.04200000000000	35.9756000000000	-117.652300000000	4.54000000000000	1	647
2000	12	13	15	0	1.19200000000000	35.6019000000000	-117.429200000000	5.90000000000000	1	648
2000	12	13	15	0	0.968000000000000	35.7436000000000	-117.538300000000	3.58000000000000	1	649
2000	12	13	15	0	1.19200000000000	35.8966000000000	-117.717600000000	6.87000000000000	1	650
2000	12	13	15	0	1.20200000000000	35.9615000000000	-117.707400000000	5.76000000000000	1	651
2000	12	13	15	0	1	35.6764000000000	-117.470600000000	3.97000000000000	1	652
2000	12	13	15	0	1.31600000000000	35.6656000000000	-117.507600000000	7.02000000000000	1	653
2000	12	13	15	0	1.11000000000000	35.9565000000000	-117.698000000000	5.36000000000000	1	654
2000	12	13	15	0	1.05500000000000	35.5741000000000	-117.617500000000	4.25000000000000	1	655
2000	12	13	15	0	1.17800000000000	35.8963000000000	-117.676400000000	5.81000000000000	1	656
2000	12	13	15	0	1.15000000000000	35.9419000000000	-117.689400000000	5.38000000000000	1	657
2000	12	13	15	0	1.06100000000000	35.8936000000000	-117.671400000000	7.76000000000000	1	658
2000	12	13	15	0	0.936000000000000	35.6827000000000	-117.465100000000	4.62000000000000	1	659
2000	12	13	15	0	0.979000000000000	35.6749000000000	-117.465000000000	3.79000000000000	1	660
2000	12	13	15	0	0.980000000000000	35.6769000000000	-117.476800000000	2.79000000000000	1	661
2000	12	13	15	0	1.32800000000000	35.5931000000000	-117.370200000000	5.20000000000000	1	662
2000	12	13	15	0	1.17400000000000	35.8923000000000	-117.665600000000	5.79000000000000	1	663
2000	12	13	15	0	1.13400000000000	35.9038000000000	-117.671400000000	5.48000000000000	1	664
2000	12	13	15	0	1.09700000000000	35.9366000000000	-117.679500000000	5.39000000000000	1	665
2000	12	13	15	0	1.24500000000000	35.6691000000000	-117.518000000000	7.66000000000000	1	666
2000	12	13	15	0	1.14500000000000	36.0407000000000	-117.874200000000	4.78000000000000	1	667
2000	12	13	15	0	1.10900000000000	35.9050000000000	-117.672900000000	5.83000000000000	1	668
2000	12	13	15	0	1.36400000000000	35.8807000000000	-117.701200000000	6.66000000000000	1	669
2000	12	13	15	0	1.03600000000000	35.6442000000000	-117.454800000000	2.91000000000000	1	670
2000	12	13	15	0	1.03500000000000	35.8703000000000	-117.667200000000	10.3100000000000	1	671
2000	12	13	15	0	1.23200000000000	35.6941000000000	-117.521900000000	7.24000000000000	1	672
2000	12	13	15	0	1.20400000000000	35.8324000000000	-117.629700000000	5.87000000000000	1	673
2000	12	13	15	0	1.22100000000000	36.0762000000000	-117.846100000000	6.42000000000000	1	674
2000	12	13	15	0	1.33200000000000	35.6615000000000	-117.516600000000	7.36000000000000	1	675
2000	12	13	15	0	1.11200000000000	36.0570000000000	-117.847500000000	4.57000000000000	1	676
2000	12	13	15	0	1.27900000000000	35.6861000000000	-117.538000000000	7.38000000000000	1	677
2000	12	13	15	0	1.16200000000000	35.6387000000000	-117.432900000000	6.24000000000000	1	678
2000	12	13	15	0	1.09500000000000	35.9163000000000	-117.704900000000	6.87000000000000	1	679
2000	12	13	15	0	1.18100000000000	35.7537000000000	-117.568500000000	8.22000000000000	1	680
2000	12	13	15	0	1.20100000000000	35.6052000000000	-117.430100000000	5.46000000000000	1	681
2000	12	13	15	0	1.11200000000000	35.7692000000000	-117.547700000000	5.72000000000000	1	682
2000	12	13	15	0	1.07500000000000	35.9020000000000	-117.699900000000	7.17000000000000	1	683
2000	12	13	15	0	0.935000000000000	35.6954000000000	-117.497200000000	4.76000000000000	1	684
2000	12	13	15	0	1.10300000000000	35.6317000000000	-117.455000000000	4.89000000000000	1	685
2000	12	13	15	0	1.11000000000000	35.6350000000000	-117.435300000000	4.05000000000000	1	686
2000	12	13	15	0	1.08900000000000	35.7139000000000	-117.552400000000	4.77000000000000	1	687
2000	12	13	15	0	1.30700000000000	35.5877000000000	-117.430400000000	5.66000000000000	1	688
2000	12	13	15	0	1.03900000000000	35.5782000000000	-117.614300000000	3.23000000000000	1	689
2000	12	13	15	0	1.08900000000000	35.6602000000000	-117.442200000000	3.38000000000000	1	690
2000	12	13	15	0	1.08200000000000	35.8996000000000	-117.672300000000	8.11000000000000	1	691
2000	12	13	15	0	0.991000000000000	35.7125000000000	-117.506600000000	5.36000000000000	1	692
2000	12	13	15	0	1.08800000000000	35.6956000000000	-117.498100000000	5.74000000000000	1	693
2000	12	13	15	0	1.15300000000000	36.0640000000000	-117.833900000000	3.92000000000000	1	694
2000	12	13	15	0	1.10900000000000	35.9584000000000	-117.657700000000	5.31000000000000	1	695
2000	12	13	15	0	1.32800000000000	35.6702000000000	-117.521600000000	7.06000000000000	1	696
2000	12	13	15	0	1.10000000000000	36.0544000000000	-117.844100000000	3.63000000000000	1	697
2000	12	13	15	0	1.21800000000000	35.6933000000000	-117.519500000000	5.32000000000000	1	698
2000	12	13	15	0	1.20600000000000	35.6144000000000	-117.576200000000	6.59000000000000	1	699
2000	12	13	15	0	1.19200000000000	35.6071000000000	-117.405200000000	6.64000000000000	1	700
2000	12	13	15	0	1.01600000000000	35.6689000000000	-117.484000000000	1.54000000000000	1	701
2000	12	13	15	0	1.03200000000000	35.7405000000000	-117.550100000000	3.85000000000000	1	702
2000	12	13	15	0	1.19600000000000	35.5939000000000	-117.419800000000	6.02000000000000	1	703
2000	12	13	15	0	1.02100000000000	35.7537000000000	-117.560400000000	4.41000000000000	1	704
2000	12	13	15	0	1.12200000000000	35.9001000000000	-117.663900000000	8.18000000000000	1	705
2000	12	13	15	0	1.19000000000000	35.6096000000000	-117.432100000000	5.59000000000000	1	706
2000	12	13	15	0	0.982000000000000	35.6918000000000	-117.496800000000	1.18000000000000	1	707
2000	12	13	15	0	1.19700000000000	35.6169000000000	-117.437100000000	6.91000000000000	1	708
2000	12	13	15	0	1.19400000000000	36.0233000000000	-117.846700000000	4.92000000000000	1	709
2000	12	13	15	0	1.02000000000000	35.6721000000000	-117.473400000000	4.31000000000000	1	710
2000	12	13	15	0	1.01800000000000	35.6770000000000	-117.471400000000	5.17000000000000	1	711
2000	12	13	15	0	1.22000000000000	35.6176000000000	-117.465300000000	4.61000000000000	1	712
2000	12	13	15	0	1.10400000000000	35.9035000000000	-117.688100000000	6.86000000000000	1	713
2000	12	13	15	0	1.32000000000000	35.5839000000000	-117.348900000000	4.70000000000000	1	714
2000	12	13	15	0	1.15100000000000	35.9114000000000	-117.734500000000	5.76000000000000	1	715
2000	12	13	15	0	1.02300000000000	35.6584000000000	-117.488700000000	4.76000000000000	1	716
2000	12	13	15	0	1.24100000000000	35.6532000000000	-117.503600000000	9.02000000000000	1	717
2000	12	13	15	0	1.15200000000000	35.8881000000000	-117.667800000000	7.04000000000000	1	718
2000	12	13	15	0	0.949000000000000	35.7449000000000	-117.540300000000	3.16000000000000	1	719
2000	12	13	15	0	1.15200000000000	35.6082000000000	-117.429700000000	5.95000000000000	1	720
2000	12	13	15	0	1.18800000000000	35.9273000000000	-117.700700000000	5.49000000000000	1	721
2000	12	13	15	0	1.16100000000000	36.0595000000000	-117.836100000000	5.21000000000000	1	722
2000	12	13	15	0	1.14900000000000	35.8948000000000	-117.682400000000	5.82000000000000	1	723
2000	12	13	15	0	1.21500000000000	35.6976000000000	-117.507300000000	6.61000000000000	1	724
2000	12	13	15	0	1.19100000000000	35.9234000000000	-117.711400000000	6.32000000000000	1	725
2000	12	13	15	0	1.22800000000000	35.6145000000000	-117.460100000000	5.70000000000000	1	726
2000	12	13	15	0	1.14500000000000	35.6367000000000	-117.430000000000	3.22000000000000	1	727
2000	12	13	15	0	1.26500000000000	35.8317000000000	-117.630400000000	5.38000000000000	1	728
2000	12	13	15	0	1.01700000000000	35.6667000000000	-117.486000000000	1.99000000000000	1	729
2000	12	13	15	0	1.15400000000000	35.9294000000000	-117.706600000000	5.57000000000000	1	730
2000	12	13	15	0	1.09100000000000	35.9081000000000	-117.663600000000	5.32000000000000	1	731
2000	12	13	15	0	1.07800000000000	35.9163000000000	-117.663100000000	5.52000000000000	1	732
2000	12	13	15	0	0.888000000000000	35.6753000000000	-117.477900000000	2.49000000000000	1	733
2000	12	13	15	0	1.06000000000000	35.6763000000000	-117.484300000000	1.20000000000000	1	734
2000	12	13	15	0	1.25900000000000	35.9843000000000	-117.674400000000	4.85000000000000	1	735
2000	12	13	15	0	1.10200000000000	35.9127000000000	-117.668200000000	5.55000000000000	1	736
2000	12	13	15	0	1.06800000000000	35.8711000000000	-117.681400000000	8.98000000000000	1	737
2000	12	13	15	0	1.39700000000000	35.8912000000000	-117.671500000000	4.56000000000000	1	738
2000	12	13	15	0	1.15200000000000	35.9389000000000	-117.693100000000	5.16000000000000	1	739
2000	12	13	15	0	1.03100000000000	35.8878000000000	-117.725100000000	9.13000000000000	1	740
2000	12	13	15	0	1.05900000000000	35.6758000000000	-117.453000000000	7.11000000000000	1	741
2000	12	13	15	0	1.11000000000000	35.9213000000000	-117.721900000000	7.66000000000000	1	742
2000	12	13	15	0	1.42500000000000	36.0508000000000	-117.855300000000	2.87000000000000	1	743
2000	12	13	15	0	1.00300000000000	35.6717000000000	-117.480500000000	2.47000000000000	1	744
2000	12	13	15	0	1.06700000000000	35.6446000000000	-117.439000000000	3.95000000000000	1	745
2000	12	13	15	0	1.10400000000000	35.9183000000000	-117.687400000000	5.64000000000000	1	746
2000	12	13	15	0	1.10000000000000	35.6353000000000	-117.432900000000	3.82000000000000	1	747
2000	12	13	15	0	1.26200000000000	35.8682000000000	-117.704000000000	6.37000000000000	1	748
2000	12	13	15	0	1.16900000000000	36.0261000000000	-117.857500000000	3.63000000000000	1	749
2000	12	13	15	0	1.13000000000000	35.8844000000000	-117.677700000000	7.77000000000000	1	750
2000	12	13	15	0	1.24500000000000	35.6381000000000	-117.432500000000	4.88000000000000	1	751
2000	12	13	15	0	1.16400000000000	35.6298000000000	-117.439400000000	3.16000000000000	1	752
2000	12	13	15	0	1.00700000000000	35.6560000000000	-117.486800000000	3.55000000000000	1	753
2000	12	13	15	0	1.01600000000000	35.9475000000000	-117.678600000000	5.29000000000000	1	754
2000	12	13	15	0	1.22600000000000	35.6255000000000	-117.439200000000	5.94000000000000	1	755
2000	12	13	15	0	1.32200000000000	35.9206000000000	-117.721200000000	6.18000000000000	1	756
2000	12	13	15	0	1.22600000000000	35.8884000000000	-117.700900000000	5.71000000000000	1	757
2000	12	13	15	0	1.07000000000000	35.6737000000000	-117.517000000000	3.77000000000000	1	758
2000	12	13	15	0	1.20800000000000	35.5647000000000	-117.312500000000	5.82000000000000	1	759
2000	12	13	15	0	1.15100000000000	35.9555000000000	-117.696600000000	6.78000000000000	1	760
2000	12	13	15	0	1.26300000000000	35.8858000000000	-117.694200000000	7.06000000000000	1	761
2000	12	13	15	0	1.10000000000000	35.9346000000000	-117.682800000000	5.60000000000000	1	762
2000	12	13	15	0	0.992000000000000	35.7332000000000	-117.524600000000	5.41000000000000	1	763
2000	12	13	15	0	1.13200000000000	35.8966000000000	-117.689500000000	7.22000000000000	1	764
2000	12	13	15	0	1.14000000000000	35.9124000000000	-117.689300000000	5.55000000000000	1	765
2000	12	13	15	0	1.12000000000000	35.9498000000000	-117.680200000000	4.99000000000000	1	766
2000	12	13	15	0	1.11500000000000	35.9693000000000	-117.656600000000	4.42000000000000	1	767
2000	12	13	15	0	1.16700000000000	35.6673000000000	-117.520100000000	5.90000000000000	1	768
2000	12	13	15	0	1.24600000000000	35.7038000000000	-117.555600000000	8.22000000000000	1	769
2000	12	13	15	0	1.23700000000000	36.0542000000000	-117.856600000000	5.31000000000000	1	770
2000	12	13	15	0	1.09100000000000	35.6279000000000	-117.447600000000	5.16000000000000	1	771
2000	12	13	15	0	1.12700000000000	35.8867000000000	-117.687600000000	7.29000000000000	1	772
2000	12	13	15	0	1.15400000000000	35.9373000000000	-117.661400000000	5.22000000000000	1	773
2000	12	13	15	0	1.11800000000000	35.9274000000000	-117.678200000000	5.34000000000000	1	774
2000	12	13	15	0	1.09700000000000	35.6356000000000	-117.427200000000	5.42000000000000	1	775
2000	12	13	15	0	1.16200000000000	35.9055000000000	-117.747700000000	6.89000000000000	1	776
2000	12	13	15	0	1.09900000000000	35.8679000000000	-117.672200000000	7.37000000000000	1	777
2000	12	13	15	0	1.13700000000000	35.6450000000000	-117.439400000000	6.51000000000000	1	778
2000	12	13	15	0	1.08700000000000	35.9773000000000	-117.657000000000	5.16000000000000	1	779
2000	12	13	15	0	1.13800000000000	35.9147000000000	-117.685000000000	5.61000000000000	1	780
2000	12	13	15	0	1.28500000000000	35.9486000000000	-117.675200000000	6.60000000000000	1	781
2000	12	13	15	0	1.07000000000000	35.9088000000000	-117.689700000000	10.2900000000000	1	782
2000	12	13	15	0	1.09800000000000	35.9419000000000	-117.684800000000	5.40000000000000	1	783
2000	12	13	15	0	1.16000000000000	35.9019000000000	-117.692300000000	6.04000000000000	1	784
2000	12	13	15	0	0.816000000000000	35.5986000000000	-117.590000000000	2.28000000000000	1	785
2000	12	13	15	0	1.40200000000000	35.6625000000000	-117.527400000000	8.39000000000000	1	786
2000	12	13	15	0	1.16100000000000	35.8996000000000	-117.666700000000	5.75000000000000	1	787
2000	12	13	15	0	1.05700000000000	35.6088000000000	-117.575400000000	3.66000000000000	1	788
2000	12	13	15	0	1.06400000000000	35.9516000000000	-117.677600000000	5.19000000000000	1	789
2000	12	13	15	0	1.21300000000000	35.8657000000000	-117.691600000000	5.65000000000000	1	790
2000	12	13	15	0	1.10300000000000	35.8984000000000	-117.686600000000	7.02000000000000	1	791
2000	12	13	15	0	1.01700000000000	35.6885000000000	-117.469800000000	4.16000000000000	1	792
2000	12	13	15	0	1.01500000000000	35.6905000000000	-117.474100000000	3.92000000000000	1	793
2000	12	13	15	0	1.04100000000000	36.0671000000000	-117.843800000000	3.66000000000000	1	794
2000	12	13	15	0	1.01000000000000	36.0540000000000	-117.851900000000	4.01000000000000	1	795
2000	12	13	15	0	1.06500000000000	36.0592000000000	-117.858400000000	4.93000000000000	1	796
2000	12	13	15	0	1.25700000000000	35.7011000000000	-117.579000000000	6.91000000000000	1	797
2000	12	13	15	0	1.00700000000000	35.7761000000000	-117.542600000000	5.77000000000000	1	798
2000	12	13	15	0	1.27400000000000	35.6256000000000	-117.453000000000	3.16000000000000	1	799
2000	12	13	15	0	1.13400000000000	36.0735000000000	-117.834300000000	3.76000000000000	1	800
2000	12	13	15	0	1.13500000000000	35.9383000000000	-117.686400000000	5.47000000000000	1	801
2000	12	13	15	0	1.04100000000000	35.9301000000000	-117.666700000000	5.12000000000000	1	802
2000	12	13	15	0	1.05800000000000	35.8680000000000	-117.680600000000	10.3600000000000	1	803
2000	12	13	15	0	1.16500000000000	35.8913000000000	-117.726200000000	7.32000000000000	1	804
2000	12	13	15	0	1.19900000000000	35.8757000000000	-117.702000000000	5.70000000000000	1	805
2000	12	13	15	0	0.935000000000000	35.7064000000000	-117.499600000000	4.33000000000000	1	806
2000	12	13	15	0	1.01400000000000	36.0460000000000	-117.848100000000	3.28000000000000	1	807
2000	12	13	15	0	1.25600000000000	35.9664000000000	-117.668600000000	6.49000000000000	1	808
2000	12	13	15	0	1.11800000000000	35.6323000000000	-117.430200000000	4.01000000000000	1	809
2000	12	13	15	0	1.24000000000000	35.6982000000000	-117.522800000000	6.77000000000000	1	810
2000	12	13	15	0	1.20200000000000	35.9080000000000	-117.724800000000	5.83000000000000	1	811
2000	12	13	15	0	1.30200000000000	35.9269000000000	-117.711000000000	6.56000000000000	1	812
2000	12	13	15	0	1.14800000000000	35.6265000000000	-117.448100000000	5.17000000000000	1	813
2000	12	13	15	0	1.19500000000000	35.5999000000000	-117.397200000000	7.26000000000000	1	814
2000	12	13	15	0	1.33400000000000	35.9323000000000	-117.683000000000	6.21000000000000	1	815
2000	12	13	15	0	1.20000000000000	35.6110000000000	-117.473800000000	4.48000000000000	1	816
2000	12	13	15	0	1.25400000000000	35.9005000000000	-117.712100000000	6.16000000000000	1	817
2000	12	13	15	0	1.04600000000000	35.7214000000000	-117.547000000000	4.96000000000000	1	818
2000	12	13	15	0	1.11400000000000	35.6957000000000	-117.515500000000	5.70000000000000	1	819
2000	12	13	15	0	1.04300000000000	35.8694000000000	-117.699700000000	10.8600000000000	1	820
2000	12	13	15	0	1.15700000000000	35.6478000000000	-117.459700000000	6.60000000000000	1	821
2000	12	13	15	0	1.09200000000000	35.7005000000000	-117.497700000000	6.40000000000000	1	822
2000	12	13	15	0	1.34600000000000	35.6888000000000	-117.492500000000	7.45000000000000	1	823
2000	12	13	15	0	1.20500000000000	35.9144000000000	-117.698000000000	6.21000000000000	1	824
2000	12	13	15	0	1.36300000000000	35.5810000000000	-117.349800000000	5.19000000000000	1	825
2000	12	13	15	0	1.09700000000000	35.9687000000000	-117.652400000000	5.15000000000000	1	826
2000	12	13	15	0	1.21600000000000	35.6098000000000	-117.406200000000	6.88000000000000	1	827
2000	12	13	15	0	1.10100000000000	35.9133000000000	-117.687900000000	5.70000000000000	1	828
2000	12	13	15	0	1.23900000000000	35.6096000000000	-117.391200000000	6.26000000000000	1	829
2000	12	13	15	0	1.23700000000000	35.6944000000000	-117.519600000000	6.79000000000000	1	830
2000	12	13	15	0	1.01100000000000	35.6662000000000	-117.469900000000	4.53000000000000	1	831
2000	12	13	15	0	0.926000000000000	35.6801000000000	-117.478800000000	3.46000000000000	1	832
2000	12	13	15	0	1.13700000000000	35.9333000000000	-117.699600000000	5.65000000000000	1	833
2000	12	13	15	0	1.13700000000000	35.6293000000000	-117.445700000000	5.55000000000000	1	834
2000	12	13	15	0	1.02400000000000	35.6804000000000	-117.488000000000	1.68000000000000	1	835
2000	12	13	15	0	1.02900000000000	35.6847000000000	-117.482100000000	5.32000000000000	1	836
2000	12	13	15	0	1.15600000000000	35.6014000000000	-117.434400000000	7.53000000000000	1	837
2000	12	13	15	0	0.928000000000000	35.7165000000000	-117.516900000000	3.97000000000000	1	838
2000	12	13	15	0	1.02200000000000	35.6750000000000	-117.493900000000	2.25000000000000	1	839
2000	12	13	15	0	1.19900000000000	35.7362000000000	-117.548300000000	7.49000000000000	1	840
2000	12	13	15	0	1.30700000000000	35.8879000000000	-117.698000000000	6.13000000000000	1	841
2000	12	13	15	0	1.12200000000000	36.0601000000000	-117.848400000000	4.94000000000000	1	842
2000	12	13	15	0	1.22800000000000	35.9895000000000	-117.666200000000	3.70000000000000	1	843
2000	12	13	15	0	1.14500000000000	35.9108000000000	-117.680300000000	6.48000000000000	1	844
2000	12	13	15	0	1.00900000000000	35.6736000000000	-117.474000000000	4.14000000000000	1	845
2000	12	13	15	0	1.00200000000000	35.6833000000000	-117.491800000000	1.36000000000000	1	846
2000	12	13	15	0	1.18500000000000	35.6082000000000	-117.470200000000	3.62000000000000	1	847
2000	12	13	15	0	1.08200000000000	35.8612000000000	-117.671600000000	9.94000000000000	1	848
2000	12	13	15	0	1.31000000000000	35.5732000000000	-117.349200000000	5.67000000000000	1	849
2000	12	13	15	0	1.11100000000000	35.9132000000000	-117.675900000000	5.22000000000000	1	850
2000	12	13	15	0	1.20400000000000	35.7068000000000	-117.542200000000	6.64000000000000	1	851
2000	12	13	15	0	1.20500000000000	35.6080000000000	-117.393800000000	6.62000000000000	1	852
2000	12	13	15	0	1.16600000000000	36.0197000000000	-117.859100000000	4.02000000000000	1	853
2000	12	13	15	0	1.08700000000000	36.0735000000000	-117.844500000000	4.41000000000000	1	854
2000	12	13	15	0	1.12300000000000	35.9050000000000	-117.672000000000	5.34000000000000	1	855
2000	12	13	15	0	1.10400000000000	35.7505000000000	-117.564700000000	5.58000000000000	1	856
2000	12	13	15	0	1.04300000000000	35.6709000000000	-117.505700000000	5.09000000000000	1	857
2000	12	13	15	0	1.19100000000000	35.9260000000000	-117.694700000000	5.74000000000000	1	858
2000	12	13	15	0	1.40300000000000	36.0650000000000	-117.829500000000	5.34000000000000	1	859
2000	12	13	15	0	1.29200000000000	35.6701000000000	-117.506700000000	7.28000000000000	1	860
2000	12	13	15	0	1.24700000000000	35.6850000000000	-117.508400000000	6.48000000000000	1	861
2000	12	13	15	0	1.18300000000000	35.9245000000000	-117.684300000000	6.02000000000000	1	862
2000	12	13	15	0	1.23000000000000	35.6650000000000	-117.524100000000	6.48000000000000	1	863
2000	12	13	15	0	1.19200000000000	35.6648000000000	-117.475700000000	5.56000000000000	1	864
2000	12	13	15	0	1.05600000000000	35.6735000000000	-117.485900000000	5.05000000000000	1	865
2000	12	13	15	0	1.09700000000000	35.8955000000000	-117.706400000000	9.03000000000000	1	866
2000	12	13	15	0	1.26000000000000	35.9689000000000	-117.664300000000	5.24000000000000	1	867
2000	12	13	15	0	0.987000000000000	35.6908000000000	-117.477900000000	5.24000000000000	1	868
2000	12	13	15	0	1.24600000000000	35.5818000000000	-117.349100000000	5.47000000000000	1	869
2000	12	13	15	0	1.13600000000000	35.9152000000000	-117.692600000000	6.03000000000000	1	870
2000	12	13	15	0	0.953000000000000	35.6780000000000	-117.472900000000	4.46000000000000	1	871
2000	12	13	15	0	1.13400000000000	36.0547000000000	-117.856300000000	5.02000000000000	1	872
2000	12	13	15	0	1.07900000000000	35.6690000000000	-117.494400000000	4.77000000000000	1	873
2000	12	13	15	0	1.13800000000000	35.9067000000000	-117.677800000000	5.38000000000000	1	874
2000	12	13	15	0	1.18800000000000	35.9121000000000	-117.694700000000	5.93000000000000	1	875
2000	12	13	15	0	1.19100000000000	35.9152000000000	-117.671000000000	3.92000000000000	1	876
2000	12	13	15	0	1.16000000000000	35.6474000000000	-117.439000000000	5.75000000000000	1	877
2000	12	13	15	0	1.04800000000000	35.6698000000000	-117.486300000000	1.21000000000000	1	878
2000	12	13	15	0	1.26900000000000	35.5682000000000	-117.321200000000	4.43000000000000	1	879
2000	12	13	15	0	1.06300000000000	35.5758000000000	-117.617700000000	4.51000000000000	1	880
2000	12	13	15	0	1.08400000000000	35.9041000000000	-117.694800000000	7.88000000000000	1	881
2000	12	13	15	0	1.20200000000000	35.7098000000000	-117.529000000000	6.58000000000000	1	882
2000	12	13	15	0	1.10700000000000	35.9052000000000	-117.670400000000	5.72000000000000	1	883
2000	12	13	15	0	1.15500000000000	35.6255000000000	-117.438900000000	6.18000000000000	1	884
2000	12	13	15	0	1.17600000000000	35.8713000000000	-117.699500000000	6.51000000000000	1	885
2000	12	13	15	0	1.03200000000000	35.7454000000000	-117.526500000000	5.37000000000000	1	886
2000	12	13	15	0	1.06700000000000	35.9472000000000	-117.683600000000	5.03000000000000	1	887
2000	12	13	15	0	1.22500000000000	35.9351000000000	-117.687600000000	5.76000000000000	1	888
2000	12	13	15	0	1.20200000000000	35.6755000000000	-117.533700000000	7.99000000000000	1	889
2000	12	13	15	0	1.36300000000000	36.0293000000000	-117.866300000000	3.90000000000000	1	890
2000	12	13	15	0	0.997000000000000	35.7125000000000	-117.497600000000	5.48000000000000	1	891
2000	12	13	15	0	1.22700000000000	35.7227000000000	-117.547600000000	7.29000000000000	1	892
2000	12	13	15	0	1.14600000000000	35.7614000000000	-117.558500000000	6.58000000000000	1	893
2000	12	13	15	0	1.14100000000000	35.9308000000000	-117.708900000000	6.73000000000000	1	894
2000	12	13	15	0	1.09700000000000	35.9715000000000	-117.647900000000	4.53000000000000	1	895
2000	12	13	15	0	1.16400000000000	35.6811000000000	-117.531100000000	6.35000000000000	1	896
2000	12	13	15	0	1.24500000000000	35.7301000000000	-117.545700000000	7.22000000000000	1	897
2000	12	13	15	0	1.01100000000000	35.7263000000000	-117.522200000000	4.34000000000000	1	898
2000	12	13	15	0	1.23200000000000	35.5677000000000	-117.320300000000	5.32000000000000	1	899
2000	12	13	15	0	1.08200000000000	35.8979000000000	-117.689900000000	7.41000000000000	1	900
2000	12	13	15	0	1.16400000000000	35.9276000000000	-117.710500000000	5.58000000000000	1	901
2000	12	13	15	0	1.18900000000000	35.9104000000000	-117.715200000000	6.58000000000000	1	902
2000	12	13	15	0	1.12700000000000	35.9189000000000	-117.686400000000	5.38000000000000	1	903
2000	12	13	15	0	0.888000000000000	35.5904000000000	-117.587300000000	2.86000000000000	1	904
2000	12	13	15	0	1.12700000000000	35.9098000000000	-117.691700000000	6.11000000000000	1	905
2000	12	13	15	0	1.09000000000000	35.8724000000000	-117.697800000000	7.65000000000000	1	906
2000	12	13	15	0	1.18200000000000	35.6053000000000	-117.393500000000	6.87000000000000	1	907
2000	12	13	15	0	1.08900000000000	35.9151000000000	-117.714200000000	8.09000000000000	1	908
2000	12	13	15	0	0.996000000000000	35.6871000000000	-117.470900000000	4.06000000000000	1	909
2000	12	13	15	0	1.14800000000000	35.6299000000000	-117.438200000000	5.63000000000000	1	910
2000	12	13	15	0	1.20300000000000	36.0659000000000	-117.815600000000	3.75000000000000	1	911
2000	12	13	15	0	1.07100000000000	35.6156000000000	-117.403200000000	5.76000000000000	1	912
2000	12	13	15	0	1.20900000000000	36.0665000000000	-117.838500000000	5.05000000000000	1	913
2000	12	13	15	0	1.16800000000000	35.8987000000000	-117.669200000000	5.74000000000000	1	914
2000	12	13	15	0	0.980000000000000	35.8914000000000	-117.669700000000	10.2200000000000	1	915
2000	12	13	15	0	0.986000000000000	35.6904000000000	-117.469800000000	4.11000000000000	1	916
2000	12	13	15	0	1.16800000000000	35.8951000000000	-117.685400000000	6.87000000000000	1	917
2000	12	13	15	0	1.16200000000000	35.9135000000000	-117.731900000000	6.36000000000000	1	918
2000	12	13	15	0	1.08000000000000	35.9317000000000	-117.683100000000	5.74000000000000	1	919
2000	12	13	15	0	1.02200000000000	35.7535000000000	-117.550900000000	4.07000000000000	1	920
2000	12	13	15	0	1.36600000000000	36.0394000000000	-117.844800000000	5.35000000000000	1	921
2000	12	13	15	0	1.09500000000000	35.5800000000000	-117.616300000000	4.53000000000000	1	922
2000	12	13	15	0	1.28800000000000	36.0587000000000	-117.843800000000	4.76000000000000	1	923
2000	12	13	15	0	1.11300000000000	35.9043000000000	-117.719200000000	7.43000000000000	1	924
2000	12	13	15	0	1.21300000000000	35.9240000000000	-117.717500000000	5.62000000000000	1	925
2000	12	13	15	0	1.20000000000000	35.8860000000000	-117.652600000000	7.03000000000000	1	926
2000	12	13	15	0	1.23400000000000	35.9280000000000	-117.684900000000	7.68000000000000	1	927
2000	12	13	15	0	1.00700000000000	35.7410000000000	-117.552800000000	3.84000000000000	1	928
2000	12	13	15	0	1.04900000000000	35.8954000000000	-117.707700000000	8.82000000000000	1	929
2000	12	13	15	0	1.12500000000000	35.7523000000000	-117.567700000000	5.41000000000000	1	930
2000	12	13	15	0	1.17600000000000	36.0399000000000	-117.864100000000	3.76000000000000	1	931
2000	12	13	15	0	1.04400000000000	35.6861000000000	-117.493100000000	4.65000000000000	1	932
2000	12	13	15	0	1.21100000000000	35.9155000000000	-117.725100000000	5.73000000000000	1	933
2000	12	13	15	0	1.11900000000000	35.9617000000000	-117.695200000000	5.49000000000000	1	934
2000	12	13	15	0	1.08100000000000	35.6456000000000	-117.448300000000	2.17000000000000	1	935
2000	12	13	15	0	1.43500000000000	35.6644000000000	-117.506100000000	6.93000000000000	1	936
2000	12	13	15	0	1.20200000000000	36.0560000000000	-117.837000000000	5.07000000000000	1	937
2000	12	13	15	0	1.09700000000000	35.9696000000000	-117.654000000000	4.59000000000000	1	938
2000	12	13	15	0	1.11100000000000	35.7164000000000	-117.547200000000	5.18000000000000	1	939
2000	12	13	15	0	1.25000000000000	35.5860000000000	-117.359900000000	4.99000000000000	1	940
2000	12	13	15	0	1.17700000000000	35.8848000000000	-117.707400000000	5.70000000000000	1	941
2000	12	13	15	0	1.14700000000000	35.8885000000000	-117.655900000000	7.14000000000000	1	942
2000	12	13	15	0	1.16400000000000	35.8847000000000	-117.686300000000	6.74000000000000	1	943
2000	12	13	15	0	0.984000000000000	35.7532000000000	-117.541400000000	4.85000000000000	1	944
2000	12	13	15	0	0.963000000000000	35.7249000000000	-117.533800000000	3.76000000000000	1	945
2000	12	13	15	0	1.09800000000000	35.6861000000000	-117.499400000000	5.58000000000000	1	946
2000	12	13	15	0	1.04000000000000	35.6828000000000	-117.472900000000	3.96000000000000	1	947
2000	12	13	15	0	1.07100000000000	36.0530000000000	-117.840800000000	2.63000000000000	1	948
2000	12	13	15	0	1.08300000000000	35.8681000000000	-117.658700000000	8.98000000000000	1	949
2000	12	13	15	0	1.22300000000000	35.8828000000000	-117.682700000000	5.77000000000000	1	950
2000	12	13	15	0	1.34200000000000	35.6202000000000	-117.402900000000	6.03000000000000	1	951
2000	12	13	15	0	1.12900000000000	35.9140000000000	-117.685700000000	5.70000000000000	1	952
2000	12	13	15	0	1.12800000000000	35.5738000000000	-117.605100000000	4.31000000000000	1	953
2000	12	13	15	0	1.10100000000000	35.6553000000000	-117.492300000000	4.83000000000000	1	954
2000	12	13	15	0	1.02400000000000	35.6901000000000	-117.493300000000	4.04000000000000	1	955
2000	12	13	15	0	1.05800000000000	35.8915000000000	-117.667900000000	8.15000000000000	1	956
2000	12	13	15	0	1.15100000000000	35.9297000000000	-117.706300000000	5.58000000000000	1	957
2000	12	13	15	0	1.09800000000000	35.9266000000000	-117.693500000000	5.91000000000000	1	958
2000	12	13	15	0	1.03700000000000	35.7480000000000	-117.554600000000	4.64000000000000	1	959
2000	12	13	15	0	1.03500000000000	35.7343000000000	-117.553500000000	3.35000000000000	1	960
2000	12	13	15	0	1.17200000000000	35.6032000000000	-117.575600000000	4.33000000000000	1	961
2000	12	13	15	0	1.09200000000000	35.9192000000000	-117.712700000000	7.44000000000000	1	962
2000	12	13	15	0	1.50000000000000	35.5898000000000	-117.357100000000	5.20000000000000	1	963
2000	12	13	15	0	1.15200000000000	35.7617000000000	-117.559000000000	6.17000000000000	1	964
2000	12	13	15	0	1.32900000000000	35.6749000000000	-117.515500000000	7.36000000000000	1	965
2000	12	13	15	0	1.15800000000000	35.6027000000000	-117.431800000000	6.09000000000000	1	966
2000	12	13	15	0	1.13300000000000	35.9421000000000	-117.686900000000	5.51000000000000	1	967
2000	12	13	15	0	1.07300000000000	35.7161000000000	-117.541100000000	4.60000000000000	1	968
2000	12	13	15	0	0.995000000000000	35.6748000000000	-117.484600000000	4.49000000000000	1	969
2000	12	13	15	0	1.29100000000000	35.6693000000000	-117.510000000000	6.85000000000000	1	970
2000	12	13	15	0	1.05900000000000	35.6632000000000	-117.458600000000	5.15000000000000	1	971
2000	12	13	15	0	0.984000000000000	35.6689000000000	-117.486000000000	2.12000000000000	1	972
2000	12	13	15	0	1.10700000000000	35.9149000000000	-117.675500000000	5.56000000000000	1	973
2000	12	13	15	0	1.26900000000000	35.6150000000000	-117.587000000000	4.04000000000000	1	974
2000	12	13	15	0	1.07300000000000	35.7325000000000	-117.531700000000	5.60000000000000	1	975
2000	12	13	15	0	1.11700000000000	35.6859000000000	-117.522200000000	5.69000000000000	1	976
2000	12	13	15	0	1.24600000000000	35.7033000000000	-117.507700000000	6.66000000000000	1	977
2000	12	13	15	0	1.05500000000000	35.6676000000000	-117.477600000000	5.22000000000000	1	978
2000	12	13	15	0	1.16900000000000	35.6023000000000	-117.582200000000	3.87000000000000	1	979
2000	12	13	15	0	1.22600000000000	35.9179000000000	-117.721500000000	5.85000000000000	1	980
2000	12	13	15	0	1.09400000000000	35.6480000000000	-117.459500000000	3.45000000000000	1	981
2000	12	13	15	0	1.09700000000000	35.9405000000000	-117.682900000000	5.24000000000000	1	982
2000	12	13	15	0	1.19300000000000	35.6945000000000	-117.521300000000	5.67000000000000	1	983
2000	12	13	15	0	1.08500000000000	35.8893000000000	-117.735500000000	7.45000000000000	1	984
2000	12	13	15	0	1.02400000000000	35.6790000000000	-117.482500000000	4.81000000000000	1	985
2000	12	13	15	0	1.17800000000000	35.9166000000000	-117.678600000000	5.60000000000000	1	986
2000	12	13	15	0	1.33600000000000	35.6576000000000	-117.519200000000	7.20000000000000	1	987
2000	12	13	15	0	0.992000000000000	35.6538000000000	-117.459500000000	2.21000000000000	1	988
2000	12	13	15	0	1.11900000000000	36.0672000000000	-117.837600000000	2.96000000000000	1	989
2000	12	13	15	0	1.01500000000000	35.8704000000000	-117.682600000000	9.93000000000000	1	990
2000	12	13	15	0	1.18700000000000	35.7523000000000	-117.561400000000	6.34000000000000	1	991
2000	12	13	15	0	1.28200000000000	35.8226000000000	-117.626200000000	5.08000000000000	1	992
2000	12	13	15	0	1.15300000000000	35.9272000000000	-117.683400000000	5.24000000000000	1	993
2000	12	13	15	0	0.988000000000000	35.6718000000000	-117.471900000000	3.66000000000000	1	994
2000	12	13	15	0	1.21800000000000	35.8740000000000	-117.686900000000	6.77000000000000	1	995
2000	12	13	15	0	1.06500000000000	35.9532000000000	-117.678700000000	5.35000000000000	1	996
2000	12	13	15	0	1.05100000000000	35.9294000000000	-117.687500000000	5.50000000000000	1	997
2000	12	13	15	0	1.09800000000000	35.9260000000000	-117.680400000000	5.58000000000000	1	998
2000	12	13	15	0	1.10400000000000	35.7048000000000	-117.498700000000	5.47000000000000	1	999
2000	12	13	15	0	1.11100000000000	35.6570000000000	-117.485500000000	5.53000000000000	1	1000