35.96295	-117.68386	3.603
36.06642	-117.8441	3.262
35.89818	-117.72146	5.745
35.8979	-117.72031	5.639
35.90331	-117.70361	6.295
35.67012	-117.51716	7.368
35.55993	-117.32641	3.736
36.04421	-117.86118	3.881
35.94411	-117.69413	3.96
35.58008	-117.60366	7.097
35.93783	-117.67756	4.024
35.58315	-117.61522	5.526
35.91023	-117.67489	3.514
35.66981	-117.47039	5.356
35.7076	-117.50621	7.287
35.67521	-117.48352	2.892
35.8707	-117.6851	7.576
35.65685	-117.53895	8.91
35.62685	-117.42648	5.823
35.88986	-117.68268	5.196
35.58615	-117.41947	4.669
35.58248	-117.58308	7.379
35.69915	-117.51108	7.727
35.92255	-117.7095	6.734
35.8865	-117.68331	7.292
35.64855	-117.44958	6.916
35.60889	-117.58683	5.562
35.87514	-117.70779	4.836
35.8745	-117.69678	5.857
35.57069	-117.59882	6.362
35.66701	-117.48616	4.941
35.67843	-117.48406	6.098
35.95953	-117.70402	4.125
35.7258	-117.54145	6.037
35.86416	-117.6975	6.019
35.90437	-117.7464	6.986
35.70635	-117.58596	7.663
35.6477	-117.49359	6.421
35.75372	-117.57337	6.373
35.91342	-117.70696	4.477
35.88299	-117.69889	4.461
35.67877	-117.49328	0.69
35.87566	-117.69246	7.465
35.94229	-117.68678	4.171
35.66191	-117.48065	5.528
35.60597	-117.57884	5.405
35.86845	-117.68417	7.853
35.73319	-117.53253	4.338
35.921	-117.71259	3.58
35.59685	-117.60072	4.674
35.98285	-117.67276	3.066
35.66226	-117.50188	5.415
35.94482	-117.69523	3.763
35.69956	-117.54561	7.97
35.94963	-117.69748	4.329
35.7444	-117.53478	6.467
35.98441	-117.67764	2.827
35.7602	-117.5787	8.157
35.92425	-117.7043	4.605
35.86656	-117.70134	5.068
35.89875	-117.72282	7.112
35.62746	-117.42873	2.939
35.87433	-117.66775	8.98
35.61607	-117.59386	7.406
36.05173	-117.84298	3.464
35.60455	-117.59625	5.082
35.64207	-117.45114	3.841
35.91757	-117.71103	5.041
35.64051	-117.44052	4.546
35.7173	-117.53311	7.951
35.71769	-117.52503	5.555
35.66818	-117.51599	7.799
35.91838	-117.69282	4.331
35.92136	-117.72614	4.375
35.74025	-117.56568	3.947
35.58657	-117.41865	4.604
35.9493	-117.68751	3.997
35.91531	-117.71223	7.074
35.90053	-117.67337	4.068
35.64466	-117.46004	4.401
35.63192	-117.43129	4.989
35.59217	-117.42306	5.578
35.6654	-117.48026	2.873
35.67304	-117.46223	4.721
35.86749	-117.70064	4.68
35.66487	-117.47802	5.244
35.7125	-117.53674	4.401
35.89437	-117.69126	4.774
35.8774	-117.71102	4.551
35.61856	-117.43175	5.369
35.90002	-117.67548	4.217
35.66767	-117.48724	2.166
35.94194	-117.69779	4.009
35.64538	-117.44949	2.458
35.89727	-117.71024	7.011
35.71303	-117.48929	5.13
35.67028	-117.47001	2.786
35.88352	-117.68839	7.108
35.93222	-117.71556	6.23
35.64165	-117.44331	3.005
36.0162	-117.8457	3.573
35.77375	-117.55906	6.291
35.8894	-117.71658	4.886
35.96581	-117.68035	0.827
35.6783	-117.54994	7.981
35.88832	-117.6822	5.193
35.91741	-117.72839	4.07
35.64035	-117.46742	6.47
35.72668	-117.52525	6.087
35.58737	-117.41918	5.248
35.92809	-117.71011	4.605
35.69945	-117.59185	7.5
35.71746	-117.53704	7.297
35.91072	-117.69851	4.654
35.59001	-117.42092	5.11
35.885	-117.68932	7.177
35.82203	-117.64462	4.385
35.6815	-117.5235	8.64
35.56344	-117.61794	5.804
35.70971	-117.4991	6.216
35.71898	-117.56806	8.77
35.67053	-117.48304	4.802
35.70388	-117.52596	9.199
35.71687	-117.54697	8.348
35.88964	-117.68753	5.324
35.5927	-117.42229	4.136
35.88455	-117.68489	7.588
35.9327	-117.67295	3.035
35.7213	-117.52717	6.361
35.56204	-117.32924	3.456
35.70692	-117.50442	5.288
35.89054	-117.73104	6.677
35.61475	-117.41469	5.02
36.05173	-117.84936	2.883
35.61974	-117.43894	6.98
35.569	-117.59931	6.215
35.59389	-117.42552	6.004
35.82715	-117.65936	5.002
35.61804	-117.42089	6.792
35.8836	-117.69001	7.435
35.71747	-117.55796	6.401
35.64783	-117.46413	2.317
35.70041	-117.59105	7.665
35.90577	-117.71536	8.081
35.70867	-117.57817	7.85
35.91883	-117.73183	4.382
35.60773	-117.45916	3.998
35.89281	-117.70583	7.12
35.67093	-117.48234	4.547
35.89813	-117.68616	4.512
35.89096	-117.67797	4.762
35.93798	-117.69755	4.365
35.88885	-117.68181	6.059
35.92436	-117.7153	4.022
35.9231	-117.72517	6.399
35.57538	-117.62131	5.746
35.59158	-117.42367	4.9
35.62693	-117.42861	3.851
35.8779	-117.71312	4.35
35.74472	-117.53524	6.476
35.67864	-117.53733	9.816
35.66594	-117.48907	4.26
35.9621	-117.7134	3.742
35.90465	-117.75119	6.921
35.92896	-117.72029	3.938
35.75334	-117.56773	7.983
36.05484	-117.84883	3.357
36.05607	-117.85281	3.758
35.71587	-117.53114	5.829
35.57631	-117.62021	5.711
35.67878	-117.48184	0.707
35.90744	-117.71572	3.939
35.66979	-117.48237	0.238
35.66119	-117.52948	9.302
35.7272	-117.5426	7.243
35.75331	-117.57483	5.976
35.91369	-117.69349	5.009
35.6637	-117.48819	3.336
35.95888	-117.70313	4.257
35.58882	-117.41962	5.185
35.90797	-117.74842	5.868
35.93223	-117.71562	6.347
35.69028	-117.50964	6.48
35.97208	-117.66197	3.787
35.93009	-117.68048	3.451
35.88371	-117.68987	7.412
35.94415	-117.69534	3.772
35.9349	-117.70221	4.408
35.91848	-117.73225	6.427
35.71696	-117.55688	5.921
35.60334	-117.57861	4.614
35.89152	-117.67757	4.731
35.87532	-117.69062	7.437
35.97115	-117.66229	3.672
35.68145	-117.51781	8.408
35.66448	-117.45978	6.778
35.62706	-117.47135	5.237
35.669	-117.51295	7.937
35.8862	-117.67631	7.231
36.04717	-117.85291	3.573
35.65618	-117.48727	2.971
35.65429	-117.50041	4.73
35.8912	-117.67749	4.568
35.70263	-117.5074	6.579
35.90602	-117.72731	4.653
35.88958	-117.67649	4.05
35.97365	-117.6647	3.471
35.7518	-117.57632	6.432
35.92693	-117.71793	4.341
35.91913	-117.72781	4.145
35.72305	-117.5521	5.44
35.96954	-117.66306	3.405
35.91481	-117.71446	3.82
35.59679	-117.59951	5.021
35.57125	-117.59859	6.335
35.95637	-117.70787	4.325
36.051	-117.84444	3.601
35.92653	-117.70419	4.223
35.71473	-117.54549	5.178
35.65606	-117.48519	3.663
35.94804	-117.68997	2.91
35.90494	-117.75064	7.007
35.90092	-117.67986	3.437
36.05928	-117.84191	3.609
36.05614	-117.84938	3.896
35.67432	-117.53872	7.935
35.87721	-117.69803	6.697
35.9099	-117.72266	4.861
36.04618	-117.8494	3.999
35.92113	-117.71242	6.513
35.60511	-117.46604	4.464
35.57751	-117.36216	4.736
35.57766	-117.62286	5.87
35.90284	-117.7009	7.502
35.68503	-117.48926	1.096
35.60498	-117.58833	4.415
35.60872	-117.43848	6.284
35.87381	-117.69638	7.764
35.88407	-117.67078	3.031
35.67884	-117.5241	8.254
35.77318	-117.57843	6.833
35.98473	-117.67341	2.453
35.63281	-117.43768	4.808
35.9622	-117.71042	4.114
35.96301	-117.7123	3.883
35.91757	-117.70594	4.547
35.97044	-117.66178	3.578
35.92344	-117.70015	4.568
35.68124	-117.51633	9.16
35.6677	-117.48297	5.425
35.70093	-117.54437	8.005
35.89	-117.73105	6.656
35.68228	-117.47314	8.24
35.67316	-117.47845	4.896
35.59078	-117.39906	7.354
35.94117	-117.67767	4.447
35.68187	-117.48938	2.236
35.74285	-117.56986	3.308
35.73425	-117.53395	6.149
35.90048	-117.67244	3.999
35.92315	-117.73817	4.814
35.61017	-117.41293	4.515
35.9163	-117.73292	7.095
35.88082	-117.70895	4.568
35.59623	-117.42219	5.461
35.70252	-117.51042	5.694
36.05758	-117.84738	3.497
35.73111	-117.54305	6.587
35.62313	-117.42536	4.988
35.91871	-117.72783	4.062
35.63673	-117.43869	4.26
35.6823	-117.52578	7.7
35.6572	-117.48119	5.967
35.65061	-117.45883	1.172
35.64105	-117.44337	3.328
35.92447	-117.71397	3.7
35.9715	-117.66325	3.492
35.61448	-117.41933	4.253
35.95978	-117.70329	4.347
35.87836	-117.68033	5.095
35.65357	-117.4679	5.125
35.57867	-117.61832	5.867
35.60608	-117.43479	5.523
35.58818	-117.42039	5.412
35.7381	-117.56466	4.226
35.9812	-117.67645	0.806
35.88364	-117.67037	7.869
35.89825	-117.71687	5.709
35.95763	-117.70211	4.592
35.71346	-117.48814	5.294
35.62643	-117.42639	5.825
35.67886	-117.48525	1.241
35.91449	-117.69044	4.408
35.8999	-117.69955	6.739
35.92181	-117.70873	3.89
35.69578	-117.534	9.033
35.92429	-117.69514	4.27
35.68867	-117.52565	7.909
35.71368	-117.52289	4.464
35.70048	-117.53126	8.841
35.70975	-117.58132	6.023
35.62641	-117.41965	4.943
35.76082	-117.57505	7.77
35.98085	-117.66879	2.908
35.88443	-117.67564	4.913
35.64032	-117.44395	3.506
35.91499	-117.69376	4.685
35.91429	-117.6833	4.55
35.65414	-117.49748	6.652
35.61268	-117.41653	5.277
35.6028	-117.59383	3.663
35.59993	-117.59836	4.597
35.59524	-117.393	7.232
35.62299	-117.42672	3.425
35.70655	-117.50456	5.695
35.73278	-117.53501	5.25
36.05443	-117.85055	3.795
35.94125	-117.69797	4.128
35.93405	-117.70422	4.492
35.89227	-117.72643	6.488
35.93797	-117.69795	4.346
35.5986	-117.59449	4.554
35.70642	-117.5486	5.429
35.66938	-117.47548	4.452
35.61561	-117.59686	7.829
35.97892	-117.6651	3.639
35.7603	-117.57139	6.864
35.75025	-117.57538	6.277
35.9105	-117.71968	6.261
35.89772	-117.71603	7.754
35.66483	-117.47825	1.514
35.90178	-117.69622	4.54
35.8834	-117.6823	4.379
35.5989	-117.43275	7.183
35.92448	-117.71118	4.272
35.6225	-117.44228	6.733
35.63129	-117.43286	6.707
35.89666	-117.70071	7.102
35.73234	-117.57031	7.911
35.62907	-117.42594	4.537
35.88044	-117.71107	4.255
35.89945	-117.73869	7.332
35.85581	-117.67668	7.478
35.68094	-117.49761	3.954
35.62712	-117.42844	3.696
35.89812	-117.69866	4.605
35.60653	-117.58581	5.133
35.94909	-117.67786	3.324
36.05919	-117.85498	3.88
35.65453	-117.48815	5.663
35.90583	-117.67973	3.984
35.88534	-117.68364	3.226
35.62877	-117.43104	3.467
35.84171	-117.66174	4.348
35.9396	-117.70035	3.676
35.74696	-117.55572	5.164
35.60623	-117.46519	4.731
35.97353	-117.6757	3.038
35.93887	-117.69231	4.075
35.71546	-117.56068	6.515
35.83528	-117.65466	3.949
36.05486	-117.85439	3.2
36.0249	-117.86866	1.858
35.57525	-117.62032	6.089
35.69189	-117.52116	7.504
35.98108	-117.67039	3.233
35.9095	-117.69427	4.764
35.60987	-117.58443	6.622
35.93625	-117.69272	4.354
35.82756	-117.66113	5.152
35.61591	-117.44113	5.048
35.64547	-117.45587	5.54
35.67023	-117.46804	7.656
35.93182	-117.70352	3.393
35.6576	-117.46349	3.815
35.66704	-117.47707	2.451
35.89203	-117.71716	5.668
35.6986	-117.59129	7.881
36.02644	-117.85033	3.578
35.63597	-117.46394	4.813
35.91693	-117.73529	3.918
35.57469	-117.6204	6.161
35.58737	-117.35448	4.836
35.65161	-117.44518	3.623
35.87533	-117.70793	5.198
35.94491	-117.69535	3.798
35.90041	-117.67346	4.097
35.90173	-117.67007	5.862
35.8982	-117.69869	4.641
35.91367	-117.73951	5.092
35.59663	-117.42264	4.837
35.88895	-117.68254	4.958
35.62993	-117.45688	3.673
35.62475	-117.45254	6.376
35.90022	-117.67362	4.034
35.8724	-117.70525	3.626
35.59971	-117.43057	5.62
35.70049	-117.52687	8.895
35.94785	-117.69406	3.525
35.60203	-117.59631	4.706
35.88527	-117.68915	7.215
35.90921	-117.74665	5.762
35.61071	-117.44152	4.121
35.60149	-117.59586	4.796
35.90395	-117.67183	3.715
35.9536	-117.71682	3.889
35.93167	-117.68112	3.657
35.64379	-117.4495	2.924
35.66499	-117.52806	8.793
35.63271	-117.42848	4.638
35.81904	-117.6429	3.616
35.64045	-117.44104	4.067
35.6306	-117.45789	3.645
35.68927	-117.5328	8.175
35.97539	-117.66549	3.634
36.0414	-117.8453	2.976
35.97388	-117.66301	3.572
35.98734	-117.66967	2.602
35.65721	-117.54076	9.051
35.60117	-117.3884	7.019
35.61038	-117.41101	5.76
36.05533	-117.8514	3.565
35.58677	-117.42015	4.834
35.89037	-117.68342	5.26
35.89592	-117.67921	8.002
35.67654	-117.48838	1.562
35.67595	-117.48437	0.595
35.96251	-117.70678	3.947
35.91291	-117.69637	4.101
35.67688	-117.48493	1.548
35.75905	-117.57524	7.236
35.63067	-117.4293	4.917
35.66382	-117.52325	8.149
36.0406	-117.86769	3.188
35.9395	-117.69929	4.32
35.6691	-117.52319	8.792
35.91911	-117.73061	6.442
35.62702	-117.42703	5.808
35.66013	-117.45682	6.96
35.60663	-117.46397	4.809
35.90828	-117.72176	6.405
35.77369	-117.56284	6.655
35.97045	-117.66166	3.57
35.70674	-117.50403	5.423
35.74457	-117.55364	4.821
35.70115	-117.50722	7.985
35.89834	-117.6815	4.299
35.57671	-117.61984	5.621
35.57287	-117.3478	2.778
35.96951	-117.66157	3.643
35.57044	-117.59801	6.338
35.92085	-117.70942	6.835
35.66824	-117.49112	3.404
35.91365	-117.68501	4.476
35.82353	-117.64726	4.281
35.66242	-117.53092	8.539
35.64028	-117.45277	3.572
35.70726	-117.5796	7.74
35.63054	-117.43112	6.466
35.577	-117.61944	5.739
35.67419	-117.51507	8.101
35.76897	-117.57016	7.057
35.75883	-117.56756	7.08
35.59657	-117.40257	7.486
35.96193	-117.71236	3.985
35.89671	-117.7057	7.539
35.72369	-117.56021	8.068
35.90059	-117.68116	4.115
35.87953	-117.67737	5.483
35.77315	-117.57064	6.396
35.58659	-117.61299	7.208
35.69511	-117.51394	6.626
35.57413	-117.35207	4.844
35.89314	-117.70971	6.902
35.67676	-117.48806	1.531
35.92029	-117.69333	4.178
35.67101	-117.46771	5.364
35.75075	-117.56861	7.685
36.05743	-117.85613	4.418
35.65288	-117.51975	9.339
36.05464	-117.85191	3.526
35.87883	-117.67673	5.546
35.89842	-117.68003	7.725
35.64015	-117.44103	4.058
35.65087	-117.4485	4.627
35.88033	-117.6794	5.079
35.82674	-117.66109	5.257
35.89069	-117.67706	3.383
35.57312	-117.6249	6.179
35.57376	-117.34981	3.761
35.90827	-117.71542	3.964
35.68103	-117.50645	8.773
35.9271	-117.70784	4.916
35.70215	-117.58775	7.351
35.96249	-117.68767	3.737
35.89556	-117.70511	7.684
35.64334	-117.44568	5.7
35.93987	-117.69636	4.209
35.68091	-117.51411	8.254
35.62127	-117.44029	7.022
35.63966	-117.44214	4.17
35.68808	-117.52372	7.392
35.60183	-117.41369	7.649
35.64501	-117.44604	6.216
35.89843	-117.69881	4.56
35.66767	-117.47593	4.491
35.93272	-117.67323	3.609
36.05664	-117.84463	3.033
35.56711	-117.35499	4.288
35.98244	-117.66954	2.975
35.88348	-117.68217	7.398
35.60746	-117.40932	4.504
35.66024	-117.47947	5.914
35.92894	-117.71429	4.896
35.88378	-117.69055	7.263
36.05677	-117.84444	2.813
35.89782	-117.73756	7.3
35.67456	-117.5203	7.805
35.90129	-117.6793	3.752
35.72149	-117.55163	5.346
35.95534	-117.68814	3.982
35.88786	-117.70515	7.697
35.95385	-117.69956	4.623
35.58772	-117.41877	5.153
35.75858	-117.57331	6.798
35.68982	-117.52106	7.434
35.68307	-117.52606	7.372
35.90265	-117.69644	4.675
35.88067	-117.69583	3.598
35.96203	-117.7114	3.854
35.91482	-117.7322	4.883
35.67744	-117.50954	5.444
36.06199	-117.84483	3.232
35.70873	-117.49965	4.959
36.03079	-117.85127	3.45
35.6482	-117.44265	6.73
35.77072	-117.57339	7.006
35.86483	-117.67066	8.015
35.90954	-117.72026	5.076
35.62705	-117.42359	4.259
35.90018	-117.71925	8.108
35.93508	-117.70206	4.429
35.63655	-117.45841	5.796
35.69551	-117.53633	9.889
35.56369	-117.33657	3.577
35.68404	-117.47746	6.464
35.89665	-117.7188	5.446
35.88462	-117.68936	7.19
35.77341	-117.5597	6.364
35.92231	-117.70689	3.845
36.05569	-117.85529	3.385
35.87737	-117.69464	7.244
35.72108	-117.52748	4.239
35.66729	-117.47575	4.28
35.89316	-117.72985	4.941
36.04252	-117.86934	2.805
35.67303	-117.50931	5.285
35.7171	-117.57372	7.099
35.93382	-117.68325	3.889
35.88973	-117.73235	5.894
35.73954	-117.5641	4.298
35.91638	-117.70706	4.449
36.02949	-117.84446	3.397
35.62079	-117.45012	5.519
35.87323	-117.6909	7.084
35.64838	-117.44967	3.368
35.68658	-117.51181	7.306
35.68452	-117.51188	7.158
35.94744	-117.69634	3.793
35.92484	-117.71525	3.514
35.89468	-117.70888	6.265
35.69022	-117.53616	8.783
35.88462	-117.68938	7.299
35.70422	-117.50269	7.228
36.04003	-117.86913	2.693
35.60596	-117.57868	5.718
35.67402	-117.51255	7.527
35.89941	-117.67986	4.074
35.84191	-117.65895	3.702
35.88996	-117.73049	6.698
35.6404	-117.4467	4.772
35.90839	-117.6973	5.388
35.65619	-117.53023	9.87
35.65553	-117.45034	1.2
35.9816	-117.66887	3.561
35.98003	-117.66755	3.521
35.91731	-117.71485	5.958
35.91504	-117.73116	4.56
35.98105	-117.67485	2.685
35.62256	-117.45353	4.862
35.61626	-117.41793	6.478
35.88078	-117.69346	7.366
35.58795	-117.41921	5.347
35.91769	-117.65884	3.958
35.89281	-117.67959	8.621
35.64186	-117.44189	4.246
35.67664	-117.5058	5.27
35.65649	-117.46556	2.443
35.88146	-117.70765	4.191
35.88413	-117.68965	7.334
35.6707	-117.49516	3.482
35.95188	-117.68738	3.862
35.56917	-117.34337	2.005
35.74959	-117.57288	4.679
35.71898	-117.54236	6.029
35.57296	-117.34245	4.329
35.95559	-117.70386	4.675
35.71862	-117.54842	4.846
35.82746	-117.64829	3.959
35.7161	-117.5341	7.805
36.04148	-117.87191	2.888
35.66135	-117.4799	6.493
36.05244	-117.85104	3.345
35.71085	-117.56378	8.456
35.60489	-117.57765	4.58
35.69135	-117.50532	5.985
35.95324	-117.69795	4.796
35.64777	-117.44681	5.868
35.89793	-117.72425	6.312
36.02889	-117.85761	3.01
35.91293	-117.69309	4.848
35.94085	-117.69375	3.548
35.56999	-117.59892	6.441
35.57303	-117.34991	4.048
35.91611	-117.71951	6.249
36.0314	-117.85283	3.365
35.57268	-117.59656	6.702
35.68598	-117.53267	8.802
35.68319	-117.52447	8.43
35.89426	-117.71465	7.499
35.92667	-117.71712	3.816
35.69722	-117.51662	9.206
35.70074	-117.50437	6.565
35.62548	-117.43832	7.265
35.91982	-117.69471	4.907
35.82165	-117.64413	4.26
35.88368	-117.69065	7.013
35.70983	-117.56683	8.236
35.92088	-117.71288	6.497
35.89839	-117.72258	5.006
35.71594	-117.52068	4.483
35.75137	-117.55737	5.091
35.91433	-117.73027	3.542
35.59929	-117.42932	5.891
35.92531	-117.67919	3.832
35.71825	-117.56201	7.008
35.97093	-117.66487	3.388
35.59473	-117.42493	5.831
35.74379	-117.55429	4.234
35.89346	-117.73048	5.64
35.96338	-117.71285	3.867
35.66999	-117.47186	4.409
35.66177	-117.51628	8.88
35.9554	-117.70137	4.543
35.57639	-117.6199	5.741
35.89229	-117.69197	4.761
35.94132	-117.69795	4.116
35.88958	-117.6829	7.077
35.67985	-117.46917	5.211
35.66913	-117.47153	4.361
35.67406	-117.4806	3.392
35.57979	-117.36428	4.696
35.88503	-117.67948	4.466
35.89955	-117.6819	4.245
35.93075	-117.69416	4.408
35.66832	-117.53219	8.074
36.04028	-117.8677	3.205
35.90353	-117.67975	4.519
35.87544	-117.70909	4.323
35.64058	-117.44428	3.276
35.86831	-117.68006	7.872
35.69071	-117.52873	8.522
35.82578	-117.64696	4.359
36.05539	-117.85381	3.155
35.65401	-117.51991	9.239
36.05494	-117.85052	3.644
35.6799	-117.54452	7.927
35.63056	-117.43314	6.762
35.91714	-117.70644	6.256
35.75256	-117.57582	6.365
35.60126	-117.43145	5.415
35.76809	-117.56063	6.571
35.90059	-117.70554	6.747
35.6914	-117.50584	6.025
35.62235	-117.45177	5.376
35.62857	-117.4328	4.516
35.7122	-117.56209	5.41
35.5882	-117.42539	5.068
35.57584	-117.62014	6.21
35.65058	-117.44856	3.819
35.89839	-117.67985	7.717
35.70835	-117.51463	6.671
35.69122	-117.50537	8.01
36.06301	-117.83928	3.324
35.96187	-117.66522	4.245
35.66597	-117.52167	8.953
36.05491	-117.84584	3.553
35.68157	-117.51622	8.334
35.61156	-117.58337	6.737
35.59739	-117.40309	7.392
35.66775	-117.48183	1.286
35.74019	-117.56442	4.421
35.59136	-117.42304	5.288
35.75227	-117.57215	4.538
35.89596	-117.67835	7.934
35.60168	-117.43162	5.873
35.68575	-117.50401	1.235
35.6144	-117.44093	6.749
36.02197	-117.8463	3.264
35.66855	-117.47202	4.491
35.67488	-117.47722	5.315
35.60769	-117.46093	5.105
35.89969	-117.70361	6.062
35.57532	-117.35025	3.625
35.90911	-117.7371	4.405
35.6549	-117.49916	5.189
35.65148	-117.51948	9.564
35.88485	-117.68579	7.3
35.73985	-117.55658	4.729
35.60112	-117.43246	6.009
35.92554	-117.71503	4.106
36.05405	-117.84972	4.146
35.89003	-117.69064	4.581
35.69281	-117.522	7.928
35.91964	-117.72481	4.591
35.60763	-117.45968	5.398
35.62737	-117.42911	3.193
35.82346	-117.64517	4.012
35.66478	-117.48027	1.916
35.92486	-117.71791	4.166
35.90085	-117.67566	4.532
35.91041	-117.67412	3.611
35.67128	-117.47948	2.909
35.67375	-117.48402	0.671
35.98445	-117.67739	2.824
35.91207	-117.68231	4.873
35.87171	-117.68492	7.524
35.88476	-117.68297	2.991
35.93713	-117.70215	4.185
35.8863	-117.73268	7.557
35.67496	-117.46844	6.929
35.91818	-117.73301	6.307
36.04831	-117.86432	1.091
35.67106	-117.47418	2.903
35.63613	-117.43959	4.259
35.91585	-117.69444	4.79
35.63004	-117.43199	4.406
35.86783	-117.70157	4.62
36.02639	-117.86298	2.994
35.88394	-117.68882	7.414
35.62695	-117.42675	4.313
35.62577	-117.4319	3.554
35.6487	-117.48657	4.336
35.94126	-117.69568	4.499
35.62124	-117.43942	6.99
35.91817	-117.722	3.733
35.88107	-117.7144	4.147
35.67458	-117.50641	4.991
35.56086	-117.32759	3.613
35.95536	-117.69977	4.783
35.88014	-117.70835	4.739
35.9305	-117.69462	4.498
35.73201	-117.53184	6.281
35.89139	-117.69907	6.548
35.9088	-117.70074	4.691
35.94505	-117.69536	3.725
35.96788	-117.66358	3.493
35.6615	-117.52824	7.407
35.7062	-117.56679	8.513
36.04308	-117.86999	3.724
35.62086	-117.45079	5.385
35.88542	-117.68923	7.158
35.93617	-117.67482	3.81
35.92405	-117.69234	4.218
35.62776	-117.42705	5.848
35.90771	-117.74859	5.948
35.86641	-117.6799	7.257
35.63639	-117.44102	7.196
35.9745	-117.66574	3.673
35.91464	-117.69033	4.83
35.95098	-117.69776	4.497
35.90415	-117.70292	8.842
35.93799	-117.70044	4.142
35.90535	-117.69159	4.756
35.59868	-117.59048	4.5
35.65711	-117.54069	9.039
35.89223	-117.67711	4.435
35.60293	-117.57806	4.431
35.94558	-117.69537	3.82
35.86625	-117.6976	5.239
35.89681	-117.69764	6.137
35.68103	-117.47322	6.533
35.67896	-117.46966	7.216
36.0615	-117.85259	3.311
36.04982	-117.8528	3.875
36.05359	-117.8529	3.423
35.69959	-117.59162	7.511
35.77396	-117.56181	6.618
35.61254	-117.45014	3.584
36.06575	-117.85414	3.422
35.93312	-117.69737	4.224
35.9228	-117.68847	5.298
35.867	-117.68807	8.641
35.89182	-117.73154	6.407
35.87414	-117.70517	4.587
35.70412	-117.50895	5.468
36.04874	-117.84749	3.193
35.96813	-117.66193	3.506
35.62604	-117.42862	4.598
35.69504	-117.53025	8.564
35.90458	-117.73356	4.471
35.92083	-117.72643	3.957
35.6214	-117.44577	5.634
35.59584	-117.39644	6.982
35.93948	-117.69717	4.192
35.60424	-117.46837	4.386
35.9014	-117.72543	5.207
35.72239	-117.55327	5.085
35.68741	-117.52612	7.805
35.86814	-117.7038	8.878
35.6454	-117.45416	5.978
35.69899	-117.50482	7.857
35.68679	-117.50049	9.525
35.91693	-117.69334	4.482
35.57411	-117.34945	3.622
35.96694	-117.66149	3.679
35.60394	-117.39591	7.225
35.91118	-117.69645	4.572
35.59601	-117.39659	6.912
35.69204	-117.52651	8.691
35.66181	-117.47036	4.933
35.67187	-117.48159	4.242
35.93358	-117.70419	4.43
35.62153	-117.44597	5.655
35.67869	-117.48542	1.197
35.6826	-117.48323	6.4
35.59741	-117.43262	7.764
35.7162	-117.52124	4.162
35.67732	-117.48493	2.774
35.73688	-117.55717	8.168
35.88076	-117.71246	4.422
36.05497	-117.85243	3.6
35.98819	-117.67086	2.719
35.90623	-117.6906	5.107
35.66742	-117.47635	4.835
35.68255	-117.48811	1.206
35.60685	-117.46325	3.693
35.85553	-117.68201	7.992
35.57398	-117.34928	3.689
35.90736	-117.69035	4.393
35.70531	-117.55029	8.552
35.59929	-117.39492	7.108
36.02298	-117.85226	2.885
36.06572	-117.85401	3.42
35.89979	-117.6757	4.284
35.75306	-117.57337	6.277
35.66923	-117.50502	5.977
35.92756	-117.70734	4.47
36.0588	-117.85491	3.167
35.66428	-117.51734	8.546
35.68011	-117.517	8.684
35.91899	-117.69785	3.955
35.65839	-117.53663	7.847
35.66429	-117.47416	7.424
35.66634	-117.48243	5.704
35.89753	-117.71289	8.064
35.97038	-117.67453	3.121
35.68526	-117.48523	6.631
35.57217	-117.34903	4.077
35.91272	-117.69833	5.014
35.67244	-117.47784	4.925
36.05573	-117.85136	3.507
35.66225	-117.5019	5.458
35.90188	-117.68109	4.019
35.9091	-117.70184	4.973
35.90998	-117.68007	2.916
35.63666	-117.44097	7.183
35.66824	-117.48299	0.773
35.56568	-117.33138	2.936
35.57691	-117.62516	5.82
35.90176	-117.70595	6.92
35.70892	-117.53993	8.415
35.90133	-117.68171	4.656
35.62236	-117.43631	6.79
35.8699	-117.70571	5.208
35.74586	-117.53657	6.517
35.94004	-117.6984	4.152
35.93597	-117.70136	4.334
35.67668	-117.54867	7.971
36.04183	-117.87017	3.119
35.70984	-117.5068	7.129
35.72259	-117.55845	8.002
35.75956	-117.57143	7.435
35.93238	-117.71557	6.167
35.96904	-117.6621	3.135
35.68116	-117.53844	7.619
35.72979	-117.55738	8.664
35.72246	-117.5298	5.937
35.56288	-117.32955	3.334
35.89478	-117.70289	6.052
35.9267	-117.71401	4.482
35.90853	-117.72586	5.196
35.91849	-117.69193	4.478
35.5938	-117.58409	4.63
35.90807	-117.69625	5.21
35.87873	-117.69789	7.246
35.60247	-117.39538	7.42
35.91272	-117.72337	6.96
35.67404	-117.48003	5.755
35.6227	-117.44257	6.72
36.06424	-117.84014	3.703
35.61044	-117.41037	5.604
36.05034	-117.85829	3.527
35.88978	-117.67851	4.646
35.88211	-117.68687	8.066
35.68406	-117.4781	6.355
35.89689	-117.70075	6.363
35.91557	-117.7331	5.123
35.92803	-117.69392	4.735
35.74982	-117.56679	4.532
36.03002	-117.85796	2.956
35.57525	-117.62021	6.148
36.05621	-117.85384	3.081
35.90092	-117.73096	6.4
35.92113	-117.72631	3.977
35.88942	-117.66616	7.712
35.92326	-117.694	4.592
35.73919	-117.5582	3.846
35.89712	-117.71434	7.803
35.74989	-117.57564	6.082
36.04099	-117.8677	3.15
35.68197	-117.49692	4.815
35.9119	-117.73142	4.11
35.95833	-117.70293	4.077
35.64194	-117.44462	1.952
35.65612	-117.52174	9.794
36.04877	-117.84762	3.282
35.97058	-117.66189	3.74
35.71286	-117.56373	6.594
35.57565	-117.35686	4.612
35.88172	-117.71331	4.511
35.89008	-117.67461	7.623
35.88302	-117.69923	5.82
35.74916	-117.55336	5.342
35.723	-117.54177	4.981
35.68069	-117.50891	7.402
35.67817	-117.47158	5.331
36.05394	-117.85659	3.56
35.86355	-117.67038	8.07
35.88124	-117.69082	4.543
35.60386	-117.3988	7.092
35.90865	-117.6948	4.766
35.57091	-117.59819	6.746
35.64566	-117.49592	6.231
35.67671	-117.49975	5.553
35.88851	-117.67491	7.468
35.92477	-117.7186	4.339
35.92456	-117.70365	4.56
35.74645	-117.57059	4.847
35.73635	-117.5654	3.635
35.60015	-117.58252	4.182
35.92179	-117.71279	6.483
35.57264	-117.34898	3.981
35.76181	-117.57261	7.1
35.67081	-117.51889	9.111
35.60133	-117.43137	5.822
35.94155	-117.69578	4.362
35.71388	-117.54776	5.404
35.67169	-117.4838	4.714
35.66417	-117.51737	8.58
35.65634	-117.46777	5.24
35.66934	-117.48118	2.375
35.9142	-117.68988	4.884
35.60082	-117.59674	5.27
35.73302	-117.53597	6.13
35.68262	-117.53375	7.263
35.70269	-117.51743	9.139
35.66364	-117.48067	6.045
35.59784	-117.58937	4.51
35.91686	-117.72973	4.232
35.64214	-117.4519	3.753
35.93351	-117.69688	4.232
35.6867	-117.53171	8.004
35.89249	-117.72528	6.663
35.67372	-117.48351	6.057
35.92133	-117.68299	4.286
35.65227	-117.51975	9.42
35.64892	-117.45844	2.477
36.06794	-117.85702	3.252
35.86975	-117.68714	8.395
35.75344	-117.57266	7.11
35.82094	-117.64332	4.151
35.92309	-117.69724	4.408
35.66969	-117.47223	4.438
35.86747	-117.70266	5.07
35.95061	-117.69687	4.911
35.92728	-117.69487	4.977
35.92249	-117.69103	4.813
35.69902	-117.50912	7.89
35.65699	-117.48094	6.971